Time	Mek1-PP	Erk2	Mos	Erk2-P	Erk2-PP	Mos-P	Mek1	Mek1-P
0	0.001	280.0	90.0	10.0	10.0	10.0	280.0	1000.0
1	1.05187e-06	280.0	90.0479	10.0	9.99974	9.95215	2.4068	1277.59
2	1.04684e-06	280.0	90.0955	10.0001	9.99948	9.90453	1.69955	1278.3
3	1.0418e-06	280.001	90.1429	10.0001	9.99921	9.85713	1.70773	1278.29
4	1.03679e-06	280.001	90.19	10.0001	9.99895	9.80995	1.71607	1278.28
5	1.0318e-06	280.001	90.237	10.0002	9.99869	9.763	1.72445	1278.28
6	1.02684e-06	280.001	90.2837	10.0002	9.99843	9.71627	1.73288	1278.27
7	1.0219e-06	280.002	90.3302	10.0002	9.99817	9.66977	1.74134	1278.26
8	1.01698e-06	280.002	90.3765	10.0002	9.9979	9.62348	1.74985	1278.25
9	1.01208e-06	280.002	90.4226	10.0003	9.99764	9.57741	1.75841	1278.24
10	1.00721e-06	280.002	90.4684	10.0003	9.99738	9.53156	1.767	1278.23
11	1.00237e-06	280.003	90.5141	10.0003	9.99712	9.48592	1.77564	1278.23
12	9.97543e-07	280.003	90.5595	10.0003	9.99685	9.44051	1.78432	1278.22
13	9.92742e-07	280.003	90.6047	10.0003	9.99659	9.3953	1.79305	1278.21
14	9.87965e-07	280.003	90.6497	10.0004	9.99633	9.35031	1.80182	1278.2
15	9.8321e-07	280.004	90.6945	10.0004	9.99607	9.30554	1.81063	1278.19
16	9.78477e-07	280.004	90.739	10.0004	9.99581	9.26098	1.81949	1278.18
17	9.73768e-07	280.004	90.7834	10.0004	9.99554	9.21662	1.82839	1278.17
18	9.69081e-07	280.004	90.8275	10.0004	9.99528	9.17248	1.83734	1278.16
19	9.64417e-07	280.005	90.8714	10.0004	9.99502	9.12855	1.84633	1278.15
20	9.59775e-07	280.005	90.9152	10.0004	9.99476	9.08483	1.85537	1278.15
21	9.55155e-07	280.005	90.9587	10.0004	9.9945	9.04131	1.86445	1278.14
22	9.50557e-07	280.005	91.002	10.0004	9.99423	8.998	1.87358	1278.13
23	9.45981e-07	280.006	91.0451	10.0004	9.99397	8.9549	1.88275	1278.12
24	9.41427e-07	280.006	91.088	10.0004	9.99371	8.912	1.89197	1278.11
25	9.36895e-07	280.006	91.1307	10.0004	9.99345	8.8693	1.90124	1278.1
26	9.32385e-07	280.006	91.1732	10.0004	9.99318	8.82681	1.91055	1278.09
27	9.27896e-07	280.007	91.2155	10.0004	9.99292	8.78451	1.91991	1278.08
28	9.23429e-07	280.007	91.2576	10.0004	9.99266	8.74242	1.92932	1278.07
29	9.18983e-07	280.007	91.2995	10.0004	9.9924	8.70053	1.93877	1278.06
30	9.14558e-07	280.007	91.3412	10.0004	9.99214	8.65884	1.94827	1278.05
31	9.10155e-07	280.008	91.3827	10.0004	9.99187	8.61734	1.95782	1278.04
32	9.05772e-07	280.008	91.424	10.0004	9.99161	8.57604	1.96742	1278.03
33	9.01411e-07	280.008	91.4651	10.0003	9.99135	8.53494	1.97707	1278.02
34	8.97071e-07	280.009	91.506	10.0003	9.99109	8.49403	1.98676	1278.01
35	8.92751e-07	280.009	91.5467	10.0003	9.99083	8.45331	1.99651	1278.0
36	8.88452e-07	280.009	91.5872	10.0003	9.99056	8.41279	2.0063	1277.99
37	8.84174e-07	280.009	91.6275	10.0003	9.9903	8.37247	2.01614	1277.98
38	8.79916e-07	280.01	91.6677	10.0003	9.99004	8.33233	2.02603	1277.97
39	8.75678e-07	280.01	91.7076	10.0002	9.98978	8.29238	2.03597	1277.97
40	8.71461e-07	280.01	91.7474	10.0002	9.98952	8.25263	2.04597	1277.96
41	8.67264e-07	280.011	91.7869	10.0002	9.98925	8.21306	2.05601	1277.94
42	8.63087e-07	280.011	91.8263	10.0002	9.98899	8.17368	2.0661	1277.93
43	8.5893e-07	280.011	91.8655	10.0001	9.98873	8.13449	2.07625	1277.92
44	8.54793e-07	280.011	91.9045	10.0001	9.98847	8.09548	2.08644	1277.91
45	8.50676e-07	280.012	91.9433	10.0001	9.9882	8.05666	2.09669	1277.9
46	8.46579e-07	280.012	91.982	10.0	9.98794	8.01802	2.10698	1277.89
47	8.42501e-07	280.012	92.0204	9.99999	9.98768	7.97957	2.11733	1277.88
48	8.38443e-07	280.013	92.0587	9.99996	9.98742	7.9413	2.12774	1277.87
49	8.34404e-07	280.013	92.0968	9.99992	9.98716	7.90321	2.13819	1277.86
50	8.30385e-07	280.013	92.1347	9.99988	9.98689	7.8653	2.1487	1277.85
51	8.26385e-07	280.014	92.1724	9.99984	9.98663	7.82757	2.15926	1277.84
52	8.22404e-07	280.014	92.21	9.9998	9.98637	7.79003	2.16987	1277.83
53	8.18442e-07	280.014	92.2473	9.99976	9.98611	7.75266	2.18054	1277.82
54	8.14499e-07	280.014	92.2845	9.99971	9.98585	7.71547	2.19126	1277.81
55	8.10575e-07	280.015	92.3215	9.99967	9.98558	7.67845	2.20204	1277.8
56	8.0667e-07	280.015	92.3584	9.99962	9.98532	7.64161	2.21287	1277.79
57	8.02784e-07	280.015	92.3951	9.99957	9.98506	7.60495	2.22376	1277.78
58	7.98916e-07	280.016	92.4315	9.99952	9.9848	7.56846	2.2347	1277.77
59	7.95067e-07	280.016	92.4679	9.99947	9.98454	7.53214	2.24569	1277.76
60	7.91236e-07	280.016	92.504	9.99942	9.98427	7.496	2.25674	1277.74
61	7.87424e-07	280.017	92.54	9.99937	9.98401	7.46003	2.26785	1277.73
62	7.8363e-07	280.017	92.5758	9.99931	9.98375	7.42423	2.27901	1277.72
63	7.79854e-07	280.017	92.6114	9.99926	9.98349	7.3886	2.29023	1277.71
64	7.76096e-07	280.018	92.6469	9.9992	9.98322	7.35314	2.30151	1277.7
65	7.72356e-07	280.018	92.6822	9.99914	9.98296	7.31785	2.31284	1277.69
66	7.68634e-07	280.018	92.7173	9.99908	9.9827	7.28273	2.32424	1277.68
67	7.6493e-07	280.019	92.7522	9.99902	9.98244	7.24777	2.33568	1277.67
68	7.61244e-07	280.019	92.787	9.99896	9.98218	7.21298	2.34719	1277.65
69	7.57576e-07	280.019	92.8216	9.9989	9.98191	7.17836	2.35876	1277.64
70	7.53925e-07	280.02	92.8561	9.99883	9.98165	7.1439	2.37038	1277.63
71	7.50291e-07	280.02	92.8904	9.99876	9.98139	7.1096	2.38206	1277.62
72	7.46675e-07	280.02	92.9245	9.9987	9.98113	7.07547	2.39381	1277.61
73	7.43077e-07	280.021	92.9585	9.99863	9.98087	7.0415	2.40561	1277.6
74	7.39495e-07	280.021	92.9923	9.99856	9.9806	7.00769	2.41747	1277.58
75	7.35931e-07	280.021	93.026	9.99849	9.98034	6.97405	2.42939	1277.57
76	7.32384e-07	280.022	93.0594	9.99842	9.98008	6.94056	2.44138	1277.56
77	7.28854e-07	280.022	93.0928	9.99834	9.97982	6.90724	2.45342	1277.55
78	7.25341e-07	280.022	93.1259	9.99827	9.97955	6.87407	2.46552	1277.54
79	7.21845e-07	280.023	93.1589	9.99819	9.97929	6.84106	2.47769	1277.52
80	7.18365e-07	280.023	93.1918	9.99812	9.97903	6.8082	2.48992	1277.51
81	7.14902e-07	280.023	93.2245	9.99804	9.97877	6.77551	2.50221	1277.5
82	7.11456e-07	280.024	93.257	9.99796	9.97851	6.74297	2.51456	1277.49
83	7.08027e-07	280.024	93.2894	9.99788	9.97824	6.71058	2.52697	1277.47
84	7.04613e-07	280.024	93.3216	9.9978	9.97798	6.67835	2.53945	1277.46
85	7.01217e-07	280.025	93.3537	9.99771	9.97772	6.64627	2.552	1277.45
86	6.97836e-07	280.025	93.3857	9.99763	9.97746	6.61435	2.5646	1277.44
87	6.94472e-07	280.025	93.4174	9.99755	9.9772	6.58258	2.57727	1277.42
88	6.91124e-07	280.026	93.449	9.99746	9.97693	6.55095	2.59001	1277.41
89	6.87792e-07	280.026	93.4805	9.99737	9.97667	6.51948	2.60281	1277.4
90	6.84476e-07	280.026	93.5118	9.99728	9.97641	6.48816	2.61567	1277.39
91	6.81175e-07	280.027	93.543	9.99719	9.97615	6.45699	2.6286	1277.37
92	6.77891e-07	280.027	93.574	9.9971	9.97589	6.42597	2.6416	1277.36
93	6.74623e-07	280.027	93.6049	9.99701	9.97562	6.3951	2.65466	1277.35
94	6.7137e-07	280.028	93.6356	9.99692	9.97536	6.36437	2.66779	1277.33
95	6.68133e-07	280.028	93.6662	9.99683	9.9751	6.33379	2.68098	1277.32
96	6.64911e-07	280.028	93.6966	9.99673	9.97484	6.30335	2.69425	1277.31
97	6.61705e-07	280.029	93.7269	9.99663	9.97457	6.27306	2.70758	1277.29
98	6.58514e-07	280.029	93.7571	9.99654	9.97431	6.24292	2.72098	1277.28
99	6.55339e-07	280.03	93.7871	9.99644	9.97405	6.21292	2.73444	1277.27
100	6.52178e-07	280.03	93.8169	9.99634	9.97379	6.18306	2.74798	1277.25
101	6.49033e-07	280.03	93.8467	9.99624	9.97353	6.15334	2.76159	1277.24
102	6.45904e-07	280.031	93.8762	9.99614	9.97326	6.12377	2.77526	1277.23
103	6.42789e-07	280.031	93.9057	9.99604	9.973	6.09434	2.78901	1277.21
104	6.39689e-07	280.031	93.935	9.99593	9.97274	6.06504	2.80282	1277.2
105	6.36604e-07	280.032	93.9641	9.99583	9.97248	6.03589	2.81671	1277.18
106	6.33534e-07	280.032	93.9931	9.99572	9.97222	6.00688	2.83066	1277.17
107	6.30478e-07	280.032	94.022	9.99562	9.97195	5.978	2.84469	1277.16
108	6.27437e-07	280.033	94.0507	9.99551	9.97169	5.94927	2.85879	1277.14
109	6.24411e-07	280.033	94.0793	9.9954	9.97143	5.92067	2.87296	1277.13
110	6.214e-07	280.034	94.1078	9.99529	9.97117	5.8922	2.8872	1277.11
111	6.18403e-07	280.034	94.1361	9.99518	9.97091	5.86388	2.90152	1277.1
112	6.1542e-07	280.034	94.1643	9.99507	9.97064	5.83569	2.91591	1277.09
113	6.12451e-07	280.035	94.1924	9.99495	9.97038	5.80763	2.93037	1277.07
114	6.09497e-07	280.035	94.2203	9.99484	9.97012	5.7797	2.94491	1277.06
115	6.06557e-07	280.035	94.2481	9.99473	9.96986	5.75191	2.95952	1277.04
116	6.03632e-07	280.036	94.2757	9.99461	9.96959	5.72426	2.97421	1277.03
117	6.0072e-07	280.036	94.3033	9.99449	9.96933	5.69673	2.98897	1277.01
118	5.97822e-07	280.037	94.3307	9.99438	9.96907	5.66934	3.00381	1277.0
119	5.94938e-07	280.037	94.3579	9.99426	9.96881	5.64208	3.01872	1276.98
120	5.92068e-07	280.037	94.3851	9.99414	9.96855	5.61494	3.03371	1276.97
121	5.89212e-07	280.038	94.4121	9.99402	9.96828	5.58794	3.04878	1276.95
122	5.8637e-07	280.038	94.4389	9.99389	9.96802	5.56107	3.06392	1276.94
123	5.83541e-07	280.038	94.4657	9.99377	9.96776	5.53432	3.07914	1276.92
124	5.80726e-07	280.039	94.4923	9.99365	9.9675	5.50771	3.09444	1276.91
125	5.77924e-07	280.039	94.5188	9.99352	9.96724	5.48121	3.10982	1276.89
126	5.75136e-07	280.04	94.5451	9.9934	9.96697	5.45485	3.12528	1276.88
127	5.72361e-07	280.04	94.5714	9.99327	9.96671	5.42861	3.14081	1276.86
128	5.696e-07	280.04	94.5975	9.99314	9.96645	5.4025	3.15643	1276.84
129	5.66852e-07	280.041	94.6235	9.99302	9.96619	5.37651	3.17213	1276.83
130	5.64117e-07	280.041	94.6493	9.99289	9.96592	5.35065	3.18791	1276.81
131	5.61395e-07	280.042	94.6751	9.99276	9.96566	5.32491	3.20377	1276.8
132	5.58686e-07	280.042	94.7007	9.99263	9.9654	5.29929	3.21971	1276.78
133	5.55991e-07	280.042	94.7262	9.99249	9.96514	5.2738	3.23573	1276.77
134	5.53308e-07	280.043	94.7516	9.99236	9.96488	5.24843	3.25184	1276.75
135	5.50638e-07	280.043	94.7768	9.99223	9.96461	5.22318	3.26803	1276.73
136	5.47981e-07	280.044	94.802	9.99209	9.96435	5.19805	3.2843	1276.72
137	5.45337e-07	280.044	94.827	9.99196	9.96409	5.17304	3.30066	1276.7
138	5.42706e-07	280.044	94.8519	9.99182	9.96383	5.14815	3.3171	1276.68
139	5.40087e-07	280.045	94.8766	9.99168	9.96357	5.12338	3.33363	1276.67
140	5.37481e-07	280.045	94.9013	9.99155	9.9633	5.09872	3.35024	1276.65
141	5.34887e-07	280.046	94.9258	9.99141	9.96304	5.07419	3.36694	1276.63
142	5.32306e-07	280.046	94.9502	9.99127	9.96278	5.04977	3.38372	1276.62
143	5.29737e-07	280.046	94.9745	9.99113	9.96252	5.02547	3.40059	1276.6
144	5.2718e-07	280.047	94.9987	9.99098	9.96226	5.00129	3.41754	1276.58
145	5.24636e-07	280.047	95.0228	9.99084	9.96199	4.97722	3.43458	1276.57
146	5.22104e-07	280.048	95.0467	9.9907	9.96173	4.95327	3.45172	1276.55
147	5.19585e-07	280.048	95.0706	9.99055	9.96147	4.92943	3.46894	1276.53
148	5.17077e-07	280.048	95.0943	9.99041	9.96121	4.9057	3.48625	1276.51
149	5.14581e-07	280.049	95.1179	9.99026	9.96094	4.88209	3.50364	1276.5
150	5.12098e-07	280.049	95.1414	9.99012	9.96068	4.85859	3.52113	1276.48
151	5.09626e-07	280.05	95.1648	9.98997	9.96042	4.83521	3.53871	1276.46
152	5.07167e-07	280.05	95.1881	9.98982	9.96016	4.81193	3.55638	1276.44
153	5.04719e-07	280.05	95.2112	9.98967	9.9599	4.78877	3.57414	1276.43
154	5.02283e-07	280.051	95.2343	9.98952	9.95963	4.76572	3.592	1276.41
155	4.99858e-07	280.051	95.2572	9.98937	9.95937	4.74278	3.60994	1276.39
156	4.97446e-07	280.052	95.2801	9.98922	9.95911	4.71995	3.62798	1276.37
157	4.95045e-07	280.052	95.3028	9.98907	9.95885	4.69722	3.64611	1276.35
158	4.92655e-07	280.053	95.3254	9.98891	9.95859	4.67461	3.66434	1276.34
159	4.90277e-07	280.053	95.3479	9.98876	9.95832	4.65211	3.68266	1276.32
160	4.87911e-07	280.053	95.3703	9.9886	9.95806	4.62971	3.70107	1276.3
161	4.85555e-07	280.054	95.3926	9.98845	9.9578	4.60742	3.71958	1276.28
162	4.83212e-07	280.054	95.4148	9.98829	9.95754	4.58524	3.73819	1276.26
163	4.80879e-07	280.055	95.4368	9.98813	9.95727	4.56316	3.75689	1276.24
164	4.78558e-07	280.055	95.4588	9.98798	9.95701	4.54119	3.7757	1276.23
165	4.76247e-07	280.055	95.4807	9.98782	9.95675	4.51932	3.79459	1276.21
166	4.73948e-07	280.056	95.5024	9.98766	9.95649	4.49756	3.81359	1276.19
167	4.7166e-07	280.056	95.5241	9.9875	9.95623	4.47591	3.83269	1276.17
168	4.69383e-07	280.057	95.5456	9.98734	9.95596	4.45435	3.85188	1276.15
169	4.67117e-07	280.057	95.5671	9.98717	9.9557	4.4329	3.87118	1276.13
170	4.64862e-07	280.058	95.5884	9.98701	9.95544	4.41156	3.89057	1276.11
171	4.62618e-07	280.058	95.6097	9.98685	9.95518	4.39031	3.91007	1276.09
172	4.60385e-07	280.058	95.6308	9.98668	9.95492	4.36917	3.92966	1276.07
173	4.58162e-07	280.059	95.6519	9.98652	9.95465	4.34813	3.94936	1276.05
174	4.5595e-07	280.059	95.6728	9.98635	9.95439	4.32718	3.96917	1276.03
175	4.53749e-07	280.06	95.6937	9.98619	9.95413	4.30634	3.98907	1276.01
176	4.51558e-07	280.06	95.7144	9.98602	9.95387	4.2856	4.00908	1275.99
177	4.49378e-07	280.061	95.735	9.98585	9.95361	4.26496	4.02919	1275.97
178	4.47208e-07	280.061	95.7556	9.98568	9.95334	4.24442	4.04941	1275.95
179	4.45049e-07	280.061	95.776	9.98551	9.95308	4.22398	4.06973	1275.93
180	4.429e-07	280.062	95.7964	9.98534	9.95282	4.20363	4.09016	1275.91
181	4.40761e-07	280.062	95.8166	9.98517	9.95256	4.18338	4.1107	1275.89
182	4.38633e-07	280.063	95.8368	9.985	9.95229	4.16323	4.13135	1275.87
183	4.36515e-07	280.063	95.8568	9.98483	9.95203	4.14318	4.1521	1275.85
184	4.34408e-07	280.064	95.8768	9.98466	9.95177	4.12322	4.17296	1275.83
185	4.3231e-07	280.064	95.8966	9.98448	9.95151	4.10336	4.19393	1275.81
186	4.30222e-07	280.064	95.9164	9.98431	9.95125	4.08359	4.21501	1275.79
187	4.28145e-07	280.065	95.9361	9.98413	9.95098	4.06391	4.2362	1275.76
188	4.26078e-07	280.065	95.9557	9.98396	9.95072	4.04434	4.2575	1275.74
189	4.2402e-07	280.066	95.9751	9.98378	9.95046	4.02485	4.27891	1275.72
190	4.21972e-07	280.066	95.9945	9.9836	9.9502	4.00546	4.30043	1275.7
191	4.19935e-07	280.067	96.0138	9.98343	9.94994	3.98616	4.32207	1275.68
192	4.17907e-07	280.067	96.033	9.98325	9.94967	3.96696	4.34382	1275.66
193	4.15889e-07	280.068	96.0522	9.98307	9.94941	3.94784	4.36568	1275.64
194	4.1388e-07	280.068	96.0712	9.98289	9.94915	3.92882	4.38766	1275.61
195	4.11881e-07	280.068	96.0901	9.98271	9.94889	3.90989	4.40975	1275.59
196	4.09892e-07	280.069	96.1089	9.98253	9.94863	3.89105	4.43196	1275.57
197	4.07913e-07	280.069	96.1277	9.98235	9.94836	3.8723	4.45429	1275.55
198	4.05943e-07	280.07	96.1464	9.98216	9.9481	3.85364	4.47674	1275.52
199	4.03982e-07	280.07	96.1649	9.98198	9.94784	3.83507	4.4993	1275.5
200	4.02031e-07	280.071	96.1834	9.9818	9.94758	3.81659	4.52198	1275.48
201	4.00089e-07	280.071	96.2018	9.98161	9.94731	3.7982	4.54478	1275.46
202	3.98157e-07	280.072	96.2201	9.98143	9.94705	3.77989	4.5677	1275.43
203	3.96234e-07	280.072	96.2383	9.98124	9.94679	3.76168	4.59074	1275.41
204	3.9432e-07	280.072	96.2565	9.98105	9.94653	3.74355	4.6139	1275.39
205	3.92416e-07	280.073	96.2745	9.98087	9.94627	3.72551	4.63719	1275.36
206	3.9052e-07	280.073	96.2924	9.98068	9.946	3.70755	4.66059	1275.34
207	3.88634e-07	280.074	96.3103	9.98049	9.94574	3.68968	4.68412	1275.32
208	3.86757e-07	280.074	96.3281	9.9803	9.94548	3.6719	4.70778	1275.29
209	3.84889e-07	280.075	96.3458	9.98011	9.94522	3.6542	4.73156	1275.27
210	3.8303e-07	280.075	96.3634	9.97992	9.94496	3.63659	4.75546	1275.25
211	3.8118e-07	280.076	96.3809	9.97973	9.94469	3.61906	4.77949	1275.22
212	3.79338e-07	280.076	96.3984	9.97954	9.94443	3.60162	4.80365	1275.2
213	3.77506e-07	280.076	96.4157	9.97935	9.94417	3.58425	4.82793	1275.17
214	3.75682e-07	280.077	96.433	9.97916	9.94391	3.56698	4.85235	1275.15
215	3.73868e-07	280.077	96.4502	9.97896	9.94364	3.54978	4.87689	1275.12
216	3.72062e-07	280.078	96.4673	9.97877	9.94338	3.53267	4.90156	1275.1
217	3.70264e-07	280.078	96.4844	9.97857	9.94312	3.51564	4.92637	1275.07
218	3.68476e-07	280.079	96.5013	9.97838	9.94286	3.49869	4.9513	1275.05
219	3.66696e-07	280.079	96.5182	9.97818	9.9426	3.48183	4.97637	1275.02
220	3.64924e-07	280.08	96.535	9.97799	9.94233	3.46504	5.00157	1275.0
221	3.63162e-07	280.08	96.5517	9.97779	9.94207	3.44834	5.0269	1274.97
222	3.61407e-07	280.081	96.5683	9.97759	9.94181	3.43171	5.05236	1274.95
223	3.59661e-07	280.081	96.5848	9.97739	9.94155	3.41517	5.07797	1274.92
224	3.57924e-07	280.082	96.6013	9.9772	9.94129	3.3987	5.1037	1274.9
225	3.56195e-07	280.082	96.6177	9.977	9.94102	3.38232	5.12958	1274.87
226	3.54474e-07	280.082	96.634	9.9768	9.94076	3.36601	5.15559	1274.85
227	3.52761e-07	280.083	96.6502	9.9766	9.9405	3.34978	5.18174	1274.82
228	3.51057e-07	280.083	96.6664	9.9764	9.94024	3.33363	5.20803	1274.79
229	3.49361e-07	280.084	96.6824	9.97619	9.93998	3.31755	5.23446	1274.77
230	3.47673e-07	280.084	96.6984	9.97599	9.93971	3.30156	5.26103	1274.74
231	3.45993e-07	280.085	96.7144	9.97579	9.93945	3.28564	5.28774	1274.71
232	3.44322e-07	280.085	96.7302	9.97559	9.93919	3.26979	5.31459	1274.69
233	3.42658e-07	280.086	96.746	9.97538	9.93893	3.25403	5.34159	1274.66
234	3.41002e-07	280.086	96.7617	9.97518	9.93866	3.23834	5.36873	1274.63
235	3.39355e-07	280.087	96.7773	9.97497	9.9384	3.22272	5.39601	1274.6
236	3.37715e-07	280.087	96.7928	9.97477	9.93814	3.20718	5.42344	1274.58
237	3.36084e-07	280.088	96.8083	9.97456	9.93788	3.19171	5.45102	1274.55
238	3.3446e-07	280.088	96.8237	9.97436	9.93762	3.17632	5.47874	1274.52
239	3.32844e-07	280.088	96.839	9.97415	9.93735	3.161	5.50662	1274.49
240	3.31235e-07	280.089	96.8542	9.97394	9.93709	3.14576	5.53464	1274.47
241	3.29635e-07	280.089	96.8694	9.97373	9.93683	3.13059	5.56281	1274.44
242	3.28042e-07	280.09	96.8845	9.97353	9.93657	3.11549	5.59113	1274.41
243	3.26457e-07	280.09	96.8995	9.97332	9.93631	3.10046	5.6196	1274.38
244	3.2488e-07	280.091	96.9145	9.97311	9.93604	3.08551	5.64823	1274.35
245	3.2331e-07	280.091	96.9294	9.9729	9.93578	3.07063	5.67701	1274.32
246	3.21747e-07	280.092	96.9442	9.97269	9.93552	3.05582	5.70594	1274.3
247	3.20193e-07	280.092	96.9589	9.97247	9.93526	3.04108	5.73503	1274.27
248	3.18645e-07	280.093	96.9736	9.97226	9.93499	3.02641	5.76427	1274.24
249	3.17106e-07	280.093	96.9882	9.97205	9.93473	3.01181	5.79367	1274.21
250	3.15573e-07	280.094	97.0027	9.97184	9.93447	2.99729	5.82323	1274.18
251	3.14048e-07	280.094	97.0172	9.97162	9.93421	2.98283	5.85295	1274.15
252	3.12531e-07	280.095	97.0316	9.97141	9.93395	2.96844	5.88283	1274.12
253	3.1102e-07	280.095	97.0459	9.9712	9.93368	2.95412	5.91286	1274.09
254	3.09517e-07	280.096	97.0601	9.97098	9.93342	2.93987	5.94306	1274.06
255	3.08022e-07	280.096	97.0743	9.97077	9.93316	2.92569	5.97342	1274.03
256	3.06533e-07	280.097	97.0884	9.97055	9.9329	2.91158	6.00395	1274.0
257	3.05052e-07	280.097	97.1025	9.97033	9.93264	2.89753	6.03464	1273.97
258	3.03577e-07	280.098	97.1164	9.97012	9.93237	2.88355	6.06549	1273.94
259	3.0211e-07	280.098	97.1304	9.9699	9.93211	2.86964	6.09651	1273.9
260	3.0065e-07	280.098	97.1442	9.96968	9.93185	2.8558	6.1277	1273.87
261	2.99197e-07	280.099	97.158	9.96946	9.93159	2.84202	6.15906	1273.84
262	2.97751e-07	280.099	97.1717	9.96925	9.93133	2.82831	6.19058	1273.81
263	2.96312e-07	280.1	97.1853	9.96903	9.93106	2.81466	6.22228	1273.78
264	2.9488e-07	280.1	97.1989	9.96881	9.9308	2.80108	6.25415	1273.75
265	2.93455e-07	280.101	97.2124	9.96859	9.93054	2.78757	6.28619	1273.71
266	2.92037e-07	280.101	97.2259	9.96837	9.93028	2.77412	6.3184	1273.68
267	2.90625e-07	280.102	97.2393	9.96815	9.93001	2.76074	6.35079	1273.65
268	2.8922e-07	280.102	97.2526	9.96792	9.92975	2.74742	6.38335	1273.62
269	2.87823e-07	280.103	97.2658	9.9677	9.92949	2.73416	6.41609	1273.58
270	2.86431e-07	280.103	97.279	9.96748	9.92923	2.72097	6.44901	1273.55
271	2.85047e-07	280.104	97.2922	9.96726	9.92897	2.70784	6.4821	1273.52
272	2.83669e-07	280.104	97.3052	9.96703	9.9287	2.69477	6.51537	1273.49
273	2.82298e-07	280.105	97.3182	9.96681	9.92844	2.68177	6.54883	1273.45
274	2.80934e-07	280.105	97.3312	9.96659	9.92818	2.66883	6.58247	1273.42
275	2.79576e-07	280.106	97.344	9.96636	9.92792	2.65595	6.61629	1273.38
276	2.78224e-07	280.106	97.3569	9.96614	9.92766	2.64313	6.65029	1273.35
277	2.7688e-07	280.107	97.3696	9.96591	9.92739	2.63038	6.68448	1273.32
278	2.75541e-07	280.107	97.3823	9.96568	9.92713	2.61769	6.71885	1273.28
279	2.74209e-07	280.108	97.3949	9.96546	9.92687	2.60505	6.75342	1273.25
280	2.72884e-07	280.108	97.4075	9.96523	9.92661	2.59248	6.78817	1273.21
281	2.71565e-07	280.109	97.42	9.965	9.92635	2.57997	6.82311	1273.18
282	2.70252e-07	280.109	97.4325	9.96478	9.92608	2.56752	6.85824	1273.14
283	2.68946e-07	280.11	97.4449	9.96455	9.92582	2.55513	6.89356	1273.11
284	2.67646e-07	280.11	97.4572	9.96432	9.92556	2.5428	6.92907	1273.07
285	2.66352e-07	280.111	97.4695	9.96409	9.9253	2.53053	6.96478	1273.04
286	2.65064e-07	280.111	97.4817	9.96386	9.92503	2.51831	7.00069	1273.0
287	2.63783e-07	280.112	97.4938	9.96363	9.92477	2.50616	7.03679	1272.96
288	2.62508e-07	280.112	97.5059	9.9634	9.92451	2.49407	7.07308	1272.93
289	2.61239e-07	280.113	97.518	9.96317	9.92425	2.48203	7.10958	1272.89
290	2.59976e-07	280.113	97.53	9.96294	9.92399	2.47005	7.14628	1272.85
291	2.58719e-07	280.114	97.5419	9.96271	9.92372	2.45813	7.18317	1272.82
292	2.57468e-07	280.114	97.5537	9.96247	9.92346	2.44626	7.22027	1272.78
293	2.56224e-07	280.115	97.5655	9.96224	9.9232	2.43446	7.25758	1272.74
294	2.54985e-07	280.115	97.5773	9.96201	9.92294	2.42271	7.29509	1272.71
295	2.53752e-07	280.116	97.589	9.96178	9.92268	2.41101	7.3328	1272.67
296	2.52525e-07	280.116	97.6006	9.96154	9.92241	2.39937	7.37072	1272.63
297	2.51305e-07	280.117	97.6122	9.96131	9.92215	2.38779	7.40885	1272.59
298	2.5009e-07	280.117	97.6237	9.96107	9.92189	2.37627	7.44719	1272.55
299	2.48881e-07	280.118	97.6352	9.96084	9.92163	2.3648	7.48574	1272.52
300	2.47677e-07	280.118	97.6466	9.9606	9.92136	2.35338	7.52451	1272.48
301	2.4648e-07	280.119	97.658	9.96037	9.9211	2.34202	7.56348	1272.44
302	2.45288e-07	280.119	97.6693	9.96013	9.92084	2.33072	7.60267	1272.4
303	2.44102e-07	280.12	97.6805	9.9599	9.92058	2.31946	7.64208	1272.36
304	2.42922e-07	280.12	97.6917	9.95966	9.92032	2.30827	7.68171	1272.32
305	2.41748e-07	280.121	97.7029	9.95942	9.92005	2.29712	7.72155	1272.28
306	2.40579e-07	280.121	97.714	9.95918	9.91979	2.28604	7.76162	1272.24
307	2.39416e-07	280.122	97.725	9.95895	9.91953	2.275	7.80191	1272.2
308	2.38258e-07	280.122	97.736	9.95871	9.91927	2.26402	7.84242	1272.16
309	2.37106e-07	280.123	97.7469	9.95847	9.91901	2.25309	7.88315	1272.12
310	2.3596e-07	280.123	97.7578	9.95823	9.91874	2.24221	7.92411	1272.08
311	2.34819e-07	280.124	97.7686	9.95799	9.91848	2.23138	7.9653	1272.04
312	2.33683e-07	280.124	97.7794	9.95775	9.91822	2.22061	8.00671	1271.99
313	2.32553e-07	280.125	97.7901	9.95751	9.91796	2.20989	8.04836	1271.95
314	2.31429e-07	280.125	97.8008	9.95727	9.9177	2.19922	8.09024	1271.91
315	2.3031e-07	280.126	97.8114	9.95703	9.91743	2.1886	8.13235	1271.87
316	2.29196e-07	280.126	97.822	9.95679	9.91717	2.17804	8.17469	1271.83
317	2.28088e-07	280.127	97.8325	9.95655	9.91691	2.16752	8.21727	1271.78
318	2.26985e-07	280.127	97.8429	9.9563	9.91665	2.15706	8.26009	1271.74
319	2.25888e-07	280.128	97.8534	9.95606	9.91638	2.14664	8.30314	1271.7
320	2.24795e-07	280.128	97.8637	9.95582	9.91612	2.13628	8.34644	1271.65
321	2.23708e-07	280.129	97.874	9.95557	9.91586	2.12596	8.38998	1271.61
322	2.22627e-07	280.129	97.8843	9.95533	9.9156	2.1157	8.43376	1271.57
323	2.2155e-07	280.13	97.8945	9.95509	9.91534	2.10548	8.47778	1271.52
324	2.20479e-07	280.13	97.9047	9.95484	9.91507	2.09532	8.52205	1271.48
325	2.19413e-07	280.131	97.9148	9.9546	9.91481	2.0852	8.56657	1271.43
326	2.18352e-07	280.131	97.9249	9.95435	9.91455	2.07513	8.61134	1271.39
327	2.17296e-07	280.132	97.9349	9.95411	9.91429	2.06511	8.65636	1271.34
328	2.16245e-07	280.132	97.9449	9.95386	9.91403	2.05514	8.70163	1271.3
329	2.15199e-07	280.133	97.9548	9.95362	9.91376	2.04521	8.74716	1271.25
330	2.14158e-07	280.133	97.9647	9.95337	9.9135	2.03534	8.79294	1271.21
331	2.13123e-07	280.134	97.9745	9.95312	9.91324	2.02551	8.83898	1271.16
332	2.12092e-07	280.134	97.9843	9.95288	9.91298	2.01573	8.88527	1271.12
333	2.11066e-07	280.135	97.994	9.95263	9.91271	2.00599	8.93183	1271.07
334	2.10046e-07	280.135	98.0037	9.95238	9.91245	1.99631	8.97865	1271.02
335	2.0903e-07	280.136	98.0133	9.95213	9.91219	1.98667	9.02573	1270.98
336	2.08019e-07	280.136	98.0229	9.95189	9.91193	1.97707	9.07308	1270.93
337	2.07013e-07	280.137	98.0325	9.95164	9.91167	1.96752	9.1207	1270.88
338	2.06012e-07	280.137	98.042	9.95139	9.9114	1.95802	9.16858	1270.83
339	2.05016e-07	280.138	98.0514	9.95114	9.91114	1.94857	9.21673	1270.78
340	2.04024e-07	280.138	98.0608	9.95089	9.91088	1.93916	9.26516	1270.74
341	2.03037e-07	280.139	98.0702	9.95064	9.91062	1.92979	9.31386	1270.69
342	2.02055e-07	280.139	98.0795	9.95039	9.91036	1.92047	9.36284	1270.64
343	2.01078e-07	280.14	98.0888	9.95014	9.91009	1.9112	9.41209	1270.59
344	2.00106e-07	280.14	98.098	9.94989	9.90983	1.90197	9.46162	1270.54
345	1.99138e-07	280.141	98.1072	9.94964	9.90957	1.89278	9.51144	1270.49
346	1.98175e-07	280.141	98.1164	9.94939	9.90931	1.88364	9.56153	1270.44
347	1.97216e-07	280.142	98.1255	9.94913	9.90905	1.87454	9.61191	1270.39
348	1.96262e-07	280.142	98.1345	9.94888	9.90878	1.86549	9.66258	1270.34
349	1.95313e-07	280.143	98.1435	9.94863	9.90852	1.85648	9.71353	1270.29
350	1.94368e-07	280.143	98.1525	9.94838	9.90826	1.84751	9.76478	1270.24
351	1.93428e-07	280.144	98.1614	9.94812	9.908	1.83859	9.81632	1270.18
352	1.92493e-07	280.144	98.1703	9.94787	9.90773	1.82971	9.86815	1270.13
353	1.91562e-07	280.145	98.1791	9.94762	9.90747	1.82087	9.92027	1270.08
354	1.90635e-07	280.145	98.1879	9.94736	9.90721	1.81207	9.9727	1270.03
355	1.89713e-07	280.146	98.1967	9.94711	9.90695	1.80332	10.0254	1269.98
356	1.88795e-07	280.146	98.2054	9.94685	9.90669	1.79461	10.0784	1269.92
357	1.87882e-07	280.147	98.2141	9.9466	9.90642	1.78594	10.1318	1269.87
358	1.86974e-07	280.147	98.2227	9.94634	9.90616	1.77732	10.1854	1269.82
359	1.86069e-07	280.148	98.2313	9.94609	9.9059	1.76873	10.2394	1269.76
360	1.85169e-07	280.149	98.2398	9.94583	9.90564	1.76019	10.2936	1269.71
361	1.84273e-07	280.149	98.2483	9.94558	9.90538	1.75169	10.3482	1269.65
362	1.83382e-07	280.15	98.2568	9.94532	9.90511	1.74322	10.403	1269.6
363	1.82495e-07	280.15	98.2652	9.94506	9.90485	1.7348	10.4582	1269.54
364	1.81612e-07	280.151	98.2736	9.94481	9.90459	1.72642	10.5137	1269.49
365	1.80734e-07	280.151	98.2819	9.94455	9.90433	1.71808	10.5696	1269.43
366	1.7986e-07	280.152	98.2902	9.94429	9.90406	1.70978	10.6257	1269.38
367	1.78989e-07	280.152	98.2985	9.94403	9.9038	1.70152	10.6822	1269.32
368	1.78124e-07	280.153	98.3067	9.94378	9.90354	1.6933	10.739	1269.26
369	1.77262e-07	280.153	98.3149	9.94352	9.90328	1.68512	10.7961	1269.2
370	1.76404e-07	280.154	98.323	9.94326	9.90302	1.67698	10.8536	1269.15
371	1.75551e-07	280.154	98.3311	9.943	9.90275	1.66888	10.9114	1269.09
372	1.74702e-07	280.155	98.3392	9.94274	9.90249	1.66082	10.9695	1269.03
373	1.73857e-07	280.155	98.3472	9.94248	9.90223	1.6528	11.028	1268.97
374	1.73016e-07	280.156	98.3552	9.94222	9.90197	1.64481	11.0868	1268.91
375	1.72179e-07	280.156	98.3631	9.94196	9.90171	1.63687	11.1459	1268.86
376	1.71346e-07	280.157	98.371	9.9417	9.90144	1.62896	11.2054	1268.8
377	1.70517e-07	280.157	98.3789	9.94144	9.90118	1.62109	11.2652	1268.74
378	1.69692e-07	280.158	98.3867	9.94118	9.90092	1.61326	11.3254	1268.68
379	1.68871e-07	280.158	98.3945	9.94092	9.90066	1.60546	11.3859	1268.62
380	1.68054e-07	280.159	98.4023	9.94066	9.9004	1.59771	11.4468	1268.55
381	1.67241e-07	280.159	98.41	9.9404	9.90013	1.58999	11.508	1268.49
382	1.66432e-07	280.16	98.4177	9.94014	9.89987	1.5823	11.5696	1268.43
383	1.65627e-07	280.161	98.4253	9.93987	9.89961	1.57466	11.6316	1268.37
384	1.64825e-07	280.161	98.4329	9.93961	9.89935	1.56705	11.6939	1268.31
385	1.64028e-07	280.162	98.4405	9.93935	9.89908	1.55948	11.7566	1268.24
386	1.63234e-07	280.162	98.4481	9.93909	9.89882	1.55195	11.8196	1268.18
387	1.62445e-07	280.163	98.4556	9.93882	9.89856	1.54445	11.883	1268.12
388	1.61659e-07	280.163	98.463	9.93856	9.8983	1.53699	11.9468	1268.05
389	1.60877e-07	280.164	98.4704	9.9383	9.89804	1.52956	12.011	1267.99
390	1.60098e-07	280.164	98.4778	9.93803	9.89777	1.52217	12.0755	1267.93
391	1.59324e-07	280.165	98.4852	9.93777	9.89751	1.51481	12.1404	1267.86
392	1.58553e-07	280.165	98.4925	9.9375	9.89725	1.50749	12.2057	1267.8
393	1.57786e-07	280.166	98.4998	9.93724	9.89699	1.50021	12.2714	1267.73
394	1.57022e-07	280.166	98.507	9.93697	9.89673	1.49296	12.3374	1267.66
395	1.56263e-07	280.167	98.5143	9.93671	9.89646	1.48575	12.4039	1267.6
396	1.55507e-07	280.167	98.5214	9.93644	9.8962	1.47857	12.4707	1267.53
397	1.54754e-07	280.168	98.5286	9.93618	9.89594	1.47142	12.538	1267.46
398	1.54005e-07	280.168	98.5357	9.93591	9.89568	1.46431	12.6056	1267.4
399	1.5326e-07	280.169	98.5428	9.93565	9.89542	1.45724	12.6737	1267.33
400	1.52519e-07	280.169	98.5498	9.93538	9.89515	1.4502	12.7421	1267.26
401	1.51781e-07	280.17	98.5568	9.93511	9.89489	1.44319	12.811	1267.19
402	1.51046e-07	280.171	98.5638	9.93485	9.89463	1.43622	12.8803	1267.12
403	1.50315e-07	280.171	98.5707	9.93458	9.89437	1.42928	12.9499	1267.05
404	1.49588e-07	280.172	98.5776	9.93431	9.8941	1.42237	13.02	1266.98
405	1.48864e-07	280.172	98.5845	9.93405	9.89384	1.4155	13.0905	1266.91
406	1.48144e-07	280.173	98.5913	9.93378	9.89358	1.40866	13.1615	1266.84
407	1.47427e-07	280.173	98.5982	9.93351	9.89332	1.40185	13.2328	1266.77
408	1.46714e-07	280.174	98.6049	9.93324	9.89306	1.39507	13.3046	1266.7
409	1.46004e-07	280.174	98.6117	9.93297	9.89279	1.38833	13.3768	1266.62
410	1.45297e-07	280.175	98.6184	9.93271	9.89253	1.38162	13.4494	1266.55
411	1.44594e-07	280.175	98.6251	9.93244	9.89227	1.37495	13.5225	1266.48
412	1.43895e-07	280.176	98.6317	9.93217	9.89201	1.3683	13.596	1266.4
413	1.43198e-07	280.176	98.6383	9.9319	9.89175	1.36169	13.67	1266.33
414	1.42505e-07	280.177	98.6449	9.93163	9.89148	1.35511	13.7443	1266.26
415	1.41816e-07	280.177	98.6514	9.93136	9.89122	1.34856	13.8192	1266.18
416	1.41129e-07	280.178	98.658	9.93109	9.89096	1.34204	13.8945	1266.11
417	1.40446e-07	280.178	98.6644	9.93082	9.8907	1.33556	13.9702	1266.03
418	1.39767e-07	280.179	98.6709	9.93055	9.89043	1.3291	14.0464	1265.95
419	1.3909e-07	280.18	98.6773	9.93028	9.89017	1.32268	14.1231	1265.88
420	1.38417e-07	280.18	98.6837	9.93001	9.88991	1.31629	14.2002	1265.8
421	1.37747e-07	280.181	98.6901	9.92974	9.88965	1.30993	14.2778	1265.72
422	1.37081e-07	280.181	98.6964	9.92947	9.88939	1.30359	14.3559	1265.65
423	1.36417e-07	280.182	98.7027	9.92919	9.88912	1.29729	14.4344	1265.57
424	1.35757e-07	280.182	98.709	9.92892	9.88886	1.29102	14.5134	1265.49
425	1.351e-07	280.183	98.7152	9.92865	9.8886	1.28478	14.5929	1265.41
426	1.34446e-07	280.183	98.7214	9.92838	9.88834	1.27858	14.6728	1265.33
427	1.33796e-07	280.184	98.7276	9.92811	9.88808	1.2724	14.7533	1265.25
428	1.33148e-07	280.184	98.7338	9.92783	9.88781	1.26625	14.8342	1265.17
429	1.32504e-07	280.185	98.7399	9.92756	9.88755	1.26013	14.9157	1265.09
430	1.31863e-07	280.185	98.746	9.92729	9.88729	1.25404	14.9976	1265.0
431	1.31224e-07	280.186	98.752	9.92702	9.88703	1.24797	15.0801	1264.92
432	1.30589e-07	280.186	98.7581	9.92674	9.88677	1.24194	15.163	1264.84
433	1.29957e-07	280.187	98.7641	9.92647	9.8865	1.23594	15.2464	1264.75
434	1.29328e-07	280.188	98.77	9.9262	9.88624	1.22997	15.3304	1264.67
435	1.28702e-07	280.188	98.776	9.92592	9.88598	1.22402	15.4149	1264.59
436	1.2808e-07	280.189	98.7819	9.92565	9.88572	1.21811	15.4999	1264.5
437	1.2746e-07	280.189	98.7878	9.92537	9.88545	1.21222	15.5854	1264.42
438	1.26843e-07	280.19	98.7936	9.9251	9.88519	1.20636	15.6714	1264.33
439	1.26229e-07	280.19	98.7995	9.92482	9.88493	1.20053	15.758	1264.24
440	1.25618e-07	280.191	98.8053	9.92455	9.88467	1.19472	15.8451	1264.16
441	1.2501e-07	280.191	98.8111	9.92427	9.88441	1.18895	15.9327	1264.07
442	1.24405e-07	280.192	98.8168	9.924	9.88414	1.1832	16.0209	1263.98
443	1.23803e-07	280.192	98.8225	9.92372	9.88388	1.17748	16.1096	1263.89
444	1.23203e-07	280.193	98.8282	9.92345	9.88362	1.17179	16.1989	1263.8
445	1.22607e-07	280.193	98.8339	9.92317	9.88336	1.16613	16.2887	1263.71
446	1.22014e-07	280.194	98.8395	9.9229	9.8831	1.16049	16.3791	1263.62
447	1.21423e-07	280.195	98.8451	9.92262	9.88283	1.15488	16.47	1263.53
448	1.20835e-07	280.195	98.8507	9.92234	9.88257	1.1493	16.5615	1263.44
449	1.2025e-07	280.196	98.8563	9.92207	9.88231	1.14374	16.6536	1263.35
450	1.19668e-07	280.196	98.8618	9.92179	9.88205	1.13821	16.7462	1263.25
451	1.19089e-07	280.197	98.8673	9.92151	9.88178	1.13271	16.8395	1263.16
452	1.18513e-07	280.197	98.8728	9.92124	9.88152	1.12724	16.9333	1263.07
453	1.17939e-07	280.198	98.8782	9.92096	9.88126	1.12179	17.0277	1262.97
454	1.17368e-07	280.198	98.8836	9.92068	9.881	1.11637	17.1227	1262.88
455	1.168e-07	280.199	98.889	9.92041	9.88074	1.11097	17.2182	1262.78
456	1.16235e-07	280.199	98.8944	9.92013	9.88047	1.1056	17.3144	1262.69
457	1.15672e-07	280.2	98.8997	9.91985	9.88021	1.10025	17.4112	1262.59
458	1.15112e-07	280.2	98.9051	9.91957	9.87995	1.09493	17.5086	1262.49
459	1.14555e-07	280.201	98.9104	9.91929	9.87969	1.08964	17.6066	1262.39
460	1.14e-07	280.202	98.9156	9.91901	9.87943	1.08437	17.7052	1262.3
461	1.13448e-07	280.202	98.9209	9.91874	9.87916	1.07913	17.8044	1262.2
462	1.12899e-07	280.203	98.9261	9.91846	9.8789	1.07392	17.9043	1262.1
463	1.12353e-07	280.203	98.9313	9.91818	9.87864	1.06872	18.0048	1262.0
464	1.11809e-07	280.204	98.9364	9.9179	9.87838	1.06356	18.1059	1261.9
465	1.11267e-07	280.204	98.9416	9.91762	9.87812	1.05842	18.2077	1261.79
466	1.10729e-07	280.205	98.9467	9.91734	9.87785	1.0533	18.3101	1261.69
467	1.10193e-07	280.205	98.9518	9.91706	9.87759	1.04821	18.4132	1261.59
468	1.09659e-07	280.206	98.9569	9.91678	9.87733	1.04314	18.5169	1261.48
469	1.09128e-07	280.206	98.9619	9.9165	9.87707	1.0381	18.6213	1261.38
470	1.086e-07	280.207	98.9669	9.91622	9.8768	1.03308	18.7263	1261.27
471	1.08074e-07	280.208	98.9719	9.91594	9.87654	1.02808	18.8321	1261.17
472	1.07551e-07	280.208	98.9769	9.91566	9.87628	1.02311	18.9384	1261.06
473	1.0703e-07	280.209	98.9818	9.91538	9.87602	1.01817	19.0455	1260.96
474	1.06512e-07	280.209	98.9868	9.9151	9.87576	1.01324	19.1533	1260.85
475	1.05996e-07	280.21	98.9917	9.91482	9.87549	1.00835	19.2617	1260.74
476	1.05483e-07	280.21	98.9965	9.91454	9.87523	1.00347	19.3709	1260.63
477	1.04972e-07	280.211	99.0014	9.91426	9.87497	0.998619	19.4807	1260.52
478	1.04464e-07	280.211	99.0062	9.91397	9.87471	0.993791	19.5912	1260.41
479	1.03958e-07	280.212	99.011	9.91369	9.87445	0.988987	19.7025	1260.3
480	1.03455e-07	280.212	99.0158	9.91341	9.87418	0.984205	19.8145	1260.19
481	1.02954e-07	280.213	99.0206	9.91313	9.87392	0.979447	19.9272	1260.07
482	1.02456e-07	280.213	99.0253	9.91285	9.87366	0.974711	20.0406	1259.96
483	1.0196e-07	280.214	99.03	9.91256	9.8734	0.969999	20.1548	1259.85
484	1.01466e-07	280.215	99.0347	9.91228	9.87313	0.965309	20.2697	1259.73
485	1.00975e-07	280.215	99.0394	9.912	9.87287	0.960642	20.3853	1259.62
486	1.00486e-07	280.216	99.044	9.91172	9.87261	0.955997	20.5017	1259.5
487	9.99992e-08	280.216	99.0486	9.91143	9.87235	0.951375	20.6188	1259.38
488	9.9515e-08	280.217	99.0532	9.91115	9.87209	0.946775	20.7368	1259.26
489	9.90332e-08	280.217	99.0578	9.91087	9.87182	0.942197	20.8554	1259.15
490	9.85536e-08	280.218	99.0624	9.91059	9.87156	0.937642	20.9749	1259.03
491	9.80764e-08	280.218	99.0669	9.9103	9.8713	0.933108	21.0951	1258.91
492	9.76015e-08	280.219	99.0714	9.91002	9.87104	0.928597	21.2161	1258.78
493	9.71289e-08	280.219	99.0759	9.90973	9.87078	0.924107	21.338	1258.66
494	9.66586e-08	280.22	99.0804	9.90945	9.87051	0.919639	21.4606	1258.54
495	9.61905e-08	280.221	99.0848	9.90917	9.87025	0.915192	21.584	1258.42
496	9.57247e-08	280.221	99.0892	9.90888	9.86999	0.910767	21.7082	1258.29
497	9.52612e-08	280.222	99.0936	9.9086	9.86973	0.906363	21.8333	1258.17
498	9.47998e-08	280.222	99.098	9.90831	9.86947	0.901981	21.9591	1258.04
499	9.43408e-08	280.223	99.1024	9.90803	9.8692	0.89762	22.0858	1257.92
500	9.38839e-08	280.223	99.1067	9.90775	9.86894	0.893279	22.2134	1257.79
501	9.34293e-08	280.224	99.111	9.90746	9.86868	0.88896	22.3418	1257.66
502	9.29768e-08	280.224	99.1153	9.90718	9.86842	0.884662	22.471	1257.53
503	9.25265e-08	280.225	99.1196	9.90689	9.86815	0.880384	22.6011	1257.4
504	9.20785e-08	280.226	99.1239	9.90661	9.86789	0.876127	22.732	1257.27
505	9.16325e-08	280.226	99.1281	9.90632	9.86763	0.871891	22.8638	1257.14
506	9.11888e-08	280.227	99.1323	9.90603	9.86737	0.867675	22.9965	1257.0
507	9.07471e-08	280.227	99.1365	9.90575	9.86711	0.863479	23.1301	1256.87
508	9.03077e-08	280.228	99.1407	9.90546	9.86684	0.859304	23.2646	1256.74
509	8.98703e-08	280.228	99.1449	9.90518	9.86658	0.855149	23.4	1256.6
510	8.9435e-08	280.229	99.149	9.90489	9.86632	0.851014	23.5363	1256.46
511	8.90019e-08	280.229	99.1531	9.90461	9.86606	0.846899	23.6735	1256.33
512	8.85708e-08	280.23	99.1572	9.90432	9.8658	0.842803	23.8116	1256.19
513	8.81419e-08	280.23	99.1613	9.90403	9.86553	0.838728	23.9506	1256.05
514	8.7715e-08	280.231	99.1653	9.90375	9.86527	0.834672	24.0906	1255.91
515	8.72901e-08	280.232	99.1694	9.90346	9.86501	0.830636	24.2315	1255.77
516	8.68673e-08	280.232	99.1734	9.90317	9.86475	0.826619	24.3734	1255.63
517	8.64466e-08	280.233	99.1774	9.90289	9.86449	0.822622	24.5162	1255.48
518	8.60279e-08	280.233	99.1814	9.9026	9.86422	0.818644	24.66	1255.34
519	8.56112e-08	280.234	99.1853	9.90231	9.86396	0.814686	24.8048	1255.2
520	8.51965e-08	280.234	99.1893	9.90202	9.8637	0.810746	24.9505	1255.05
521	8.47839e-08	280.235	99.1932	9.90174	9.86344	0.806825	25.0973	1254.9
522	8.43732e-08	280.235	99.1971	9.90145	9.86317	0.802924	25.245	1254.76
523	8.39645e-08	280.236	99.201	9.90116	9.86291	0.799041	25.3938	1254.61
524	8.35578e-08	280.236	99.2048	9.90087	9.86265	0.795177	25.5435	1254.46
525	8.31531e-08	280.237	99.2087	9.90059	9.86239	0.791332	25.6943	1254.31
526	8.27503e-08	280.238	99.2125	9.9003	9.86213	0.787505	25.8461	1254.15
527	8.23494e-08	280.238	99.2163	9.90001	9.86186	0.783697	25.999	1254.0
528	8.19505e-08	280.239	99.2201	9.89972	9.8616	0.779907	26.1529	1253.85
529	8.15536e-08	280.239	99.2239	9.89943	9.86134	0.776135	26.3079	1253.69
530	8.11585e-08	280.24	99.2276	9.89914	9.86108	0.772382	26.4639	1253.54
531	8.07654e-08	280.24	99.2314	9.89886	9.86082	0.768647	26.621	1253.38
532	8.03741e-08	280.241	99.2351	9.89857	9.86055	0.76493	26.7792	1253.22
533	7.99848e-08	280.241	99.2388	9.89828	9.86029	0.76123	26.9385	1253.06
534	7.95973e-08	280.242	99.2425	9.89799	9.86003	0.757549	27.0988	1252.9
535	7.92117e-08	280.243	99.2461	9.8977	9.85977	0.753886	27.2603	1252.74
536	7.88279e-08	280.243	99.2498	9.89741	9.8595	0.75024	27.4229	1252.58
537	7.8446e-08	280.244	99.2534	9.89712	9.85924	0.746612	27.5867	1252.41
538	7.8066e-08	280.244	99.257	9.89683	9.85898	0.743001	27.7516	1252.25
539	7.76878e-08	280.245	99.2606	9.89654	9.85872	0.739408	27.9176	1252.08
540	7.73114e-08	280.245	99.2642	9.89625	9.85846	0.735832	28.0848	1251.92
541	7.69369e-08	280.246	99.2677	9.89596	9.85819	0.732273	28.2532	1251.75
542	7.65641e-08	280.246	99.2713	9.89567	9.85793	0.728732	28.4227	1251.58
543	7.61932e-08	280.247	99.2748	9.89538	9.85767	0.725208	28.5934	1251.41
544	7.5824e-08	280.247	99.2783	9.89509	9.85741	0.7217	28.7654	1251.24
545	7.54566e-08	280.248	99.2818	9.8948	9.85715	0.71821	28.9385	1251.06
546	7.50911e-08	280.249	99.2853	9.89451	9.85688	0.714737	29.1128	1250.89
547	7.47272e-08	280.249	99.2887	9.89422	9.85662	0.71128	29.2884	1250.71
548	7.43652e-08	280.25	99.2922	9.89393	9.85636	0.70784	29.4652	1250.54
549	7.40048e-08	280.25	99.2956	9.89364	9.8561	0.704417	29.6433	1250.36
550	7.36463e-08	280.251	99.299	9.89335	9.85584	0.70101	29.8226	1250.18
551	7.32894e-08	280.251	99.3024	9.89306	9.85557	0.697619	30.0032	1250.0
552	7.29343e-08	280.252	99.3058	9.89277	9.85531	0.694246	30.185	1249.82
553	7.25809e-08	280.252	99.3091	9.89248	9.85505	0.690888	30.3682	1249.63
554	7.22292e-08	280.253	99.3125	9.89219	9.85479	0.687546	30.5527	1249.45
555	7.18792e-08	280.254	99.3158	9.8919	9.85452	0.684221	30.7384	1249.26
556	7.15309e-08	280.254	99.3191	9.8916	9.85426	0.680912	30.9256	1249.08
557	7.11843e-08	280.255	99.3224	9.89131	9.854	0.677619	31.114	1248.89
558	7.08393e-08	280.255	99.3257	9.89102	9.85374	0.674342	31.3038	1248.7
559	7.0496e-08	280.256	99.3289	9.89073	9.85348	0.67108	31.4949	1248.51
560	7.01544e-08	280.256	99.3322	9.89044	9.85321	0.667834	31.6875	1248.31
561	6.98144e-08	280.257	99.3354	9.89015	9.85295	0.664604	31.8814	1248.12
562	6.94761e-08	280.257	99.3386	9.88985	9.85269	0.66139	32.0767	1247.92
563	6.91394e-08	280.258	99.3418	9.88956	9.85243	0.658191	32.2734	1247.73
564	6.88043e-08	280.259	99.345	9.88927	9.85217	0.655008	32.4716	1247.53
565	6.84709e-08	280.259	99.3482	9.88898	9.8519	0.65184	32.6711	1247.33
566	6.8139e-08	280.26	99.3513	9.88869	9.85164	0.648687	32.8722	1247.13
567	6.78088e-08	280.26	99.3545	9.88839	9.85138	0.64555	33.0746	1246.93
568	6.74802e-08	280.261	99.3576	9.8881	9.85112	0.642427	33.2786	1246.72
569	6.71531e-08	280.261	99.3607	9.88781	9.85085	0.63932	33.484	1246.52
570	6.68277e-08	280.262	99.3638	9.88752	9.85059	0.636228	33.6909	1246.31
571	6.65038e-08	280.262	99.3668	9.88722	9.85033	0.633151	33.8994	1246.1
572	6.61814e-08	280.263	99.3699	9.88693	9.85007	0.630088	34.1093	1245.89
573	6.58606e-08	280.264	99.373	9.88664	9.84981	0.627041	34.3208	1245.68
574	6.55414e-08	280.264	99.376	9.88634	9.84954	0.624008	34.5339	1245.47
575	6.52237e-08	280.265	99.379	9.88605	9.84928	0.62099	34.7485	1245.25
576	6.49076e-08	280.265	99.382	9.88576	9.84902	0.617986	34.9647	1245.04
577	6.4593e-08	280.266	99.385	9.88546	9.84876	0.614997	35.1825	1244.82
578	6.42799e-08	280.266	99.388	9.88517	9.8485	0.612022	35.4019	1244.6
579	6.39683e-08	280.267	99.3909	9.88488	9.84823	0.609062	35.6229	1244.38
580	6.36582e-08	280.267	99.3939	9.88458	9.84797	0.606116	35.8456	1244.16
581	6.33496e-08	280.268	99.3968	9.88429	9.84771	0.603184	36.0698	1243.93
582	6.30425e-08	280.269	99.3997	9.884	9.84745	0.600267	36.2958	1243.71
583	6.27369e-08	280.269	99.4026	9.8837	9.84719	0.597363	36.5235	1243.48
584	6.24328e-08	280.27	99.4055	9.88341	9.84692	0.594474	36.7528	1243.25
585	6.21301e-08	280.27	99.4084	9.88311	9.84666	0.591599	36.9838	1243.02
586	6.18289e-08	280.271	99.4113	9.88282	9.8464	0.588737	37.2166	1242.78
587	6.15291e-08	280.271	99.4141	9.88253	9.84614	0.585889	37.4511	1242.55
588	6.12308e-08	280.272	99.4169	9.88223	9.84587	0.583055	37.6874	1242.31
589	6.0934e-08	280.272	99.4198	9.88194	9.84561	0.580235	37.9254	1242.08
590	6.06386e-08	280.273	99.4226	9.88164	9.84535	0.577429	38.1653	1241.84
591	6.03446e-08	280.274	99.4254	9.88135	9.84509	0.574636	38.4069	1241.59
592	6.0052e-08	280.274	99.4281	9.88105	9.84483	0.571856	38.6503	1241.35
593	5.97608e-08	280.275	99.4309	9.88076	9.84456	0.56909	38.8956	1241.11
594	5.94711e-08	280.275	99.4337	9.88046	9.8443	0.566337	39.1428	1240.86
595	5.91827e-08	280.276	99.4364	9.88017	9.84404	0.563598	39.3918	1240.61
596	5.88957e-08	280.276	99.4391	9.87987	9.84378	0.560872	39.6427	1240.36
597	5.86102e-08	280.277	99.4418	9.87958	9.84352	0.558159	39.8955	1240.11
598	5.8326e-08	280.277	99.4445	9.87928	9.84325	0.555459	40.1502	1239.85
599	5.80431e-08	280.278	99.4472	9.87899	9.84299	0.552772	40.4069	1239.59
600	5.77617e-08	280.279	99.4499	9.87869	9.84273	0.550098	40.6655	1239.34
601	5.74816e-08	280.279	99.4526	9.8784	9.84247	0.547437	40.9261	1239.07
602	5.72028e-08	280.28	99.4552	9.8781	9.8422	0.544789	41.1887	1238.81
603	5.69254e-08	280.28	99.4578	9.87781	9.84194	0.542154	41.4533	1238.55
604	5.66494e-08	280.281	99.4605	9.87751	9.84168	0.539531	41.7199	1238.28
605	5.63746e-08	280.281	99.4631	9.87722	9.84142	0.536921	41.9886	1238.01
606	5.61012e-08	280.282	99.4657	9.87692	9.84116	0.534324	42.2594	1237.74
607	5.58291e-08	280.282	99.4683	9.87662	9.84089	0.531739	42.5322	1237.47
608	5.55584e-08	280.283	99.4708	9.87633	9.84063	0.529167	42.8071	1237.19
609	5.52889e-08	280.284	99.4734	9.87603	9.84037	0.526607	43.0842	1236.92
610	5.50208e-08	280.284	99.4759	9.87574	9.84011	0.52406	43.3634	1236.64
611	5.47539e-08	280.285	99.4785	9.87544	9.83985	0.521525	43.6448	1236.36
612	5.44883e-08	280.285	99.481	9.87514	9.83958	0.519002	43.9283	1236.07
613	5.4224e-08	280.286	99.4835	9.87485	9.83932	0.516492	44.2141	1235.79
614	5.3961e-08	280.286	99.486	9.87455	9.83906	0.513993	44.5021	1235.5
615	5.36993e-08	280.287	99.4885	9.87425	9.8388	0.511507	44.7923	1235.21
616	5.34388e-08	280.288	99.491	9.87396	9.83854	0.509032	45.0848	1234.92
617	5.31796e-08	280.288	99.4934	9.87366	9.83827	0.50657	45.3795	1234.62
618	5.29216e-08	280.289	99.4959	9.87337	9.83801	0.50412	45.6766	1234.32
619	5.26649e-08	280.289	99.4983	9.87307	9.83775	0.501681	45.9761	1234.02
620	5.24094e-08	280.29	99.5007	9.87277	9.83749	0.499254	46.2778	1233.72
621	5.21551e-08	280.29	99.5032	9.87248	9.83722	0.496839	46.582	1233.42
622	5.19021e-08	280.291	99.5056	9.87218	9.83696	0.494435	46.8885	1233.11
623	5.16503e-08	280.291	99.508	9.87188	9.8367	0.492044	47.1974	1232.8
624	5.13997e-08	280.292	99.5103	9.87158	9.83644	0.489663	47.5088	1232.49
625	5.11503e-08	280.293	99.5127	9.87129	9.83618	0.487295	47.8227	1232.18
626	5.09021e-08	280.293	99.5151	9.87099	9.83591	0.484937	48.139	1231.86
627	5.06552e-08	280.294	99.5174	9.87069	9.83565	0.482591	48.4579	1231.54
628	5.04094e-08	280.294	99.5197	9.8704	9.83539	0.480257	48.7793	1231.22
629	5.01648e-08	280.295	99.5221	9.8701	9.83513	0.477934	49.1032	1230.9
630	4.99214e-08	280.295	99.5244	9.8698	9.83487	0.475621	49.4297	1230.57
631	4.96791e-08	280.296	99.5267	9.8695	9.8346	0.473321	49.7589	1230.24
632	4.9438e-08	280.296	99.529	9.86921	9.83434	0.471031	50.0906	1229.91
633	4.91981e-08	280.297	99.5312	9.86891	9.83408	0.468752	50.425	1229.58
634	4.89594e-08	280.298	99.5335	9.86861	9.83382	0.466485	50.7621	1229.24
635	4.87218e-08	280.298	99.5358	9.86831	9.83356	0.464228	51.1019	1228.9
636	4.84853e-08	280.299	99.538	9.86801	9.83329	0.461982	51.4444	1228.56
637	4.825e-08	280.299	99.5403	9.86772	9.83303	0.459747	51.7897	1228.21
638	4.80158e-08	280.3	99.5425	9.86742	9.83277	0.457523	52.1377	1227.86
639	4.77828e-08	280.3	99.5447	9.86712	9.83251	0.45531	52.4886	1227.51
640	4.75509e-08	280.301	99.5469	9.86682	9.83224	0.453107	52.8423	1227.16
641	4.73201e-08	280.301	99.5491	9.86652	9.83198	0.450915	53.1988	1226.8
642	4.70904e-08	280.302	99.5513	9.86623	9.83172	0.448734	53.5582	1226.44
643	4.68618e-08	280.303	99.5534	9.86593	9.83146	0.446563	53.9206	1226.08
644	4.66343e-08	280.303	99.5556	9.86563	9.8312	0.444402	54.2859	1225.72
645	4.6408e-08	280.304	99.5577	9.86533	9.83093	0.442252	54.6541	1225.35
646	4.61827e-08	280.304	99.5599	9.86503	9.83067	0.440113	55.0254	1224.98
647	4.59585e-08	280.305	99.562	9.86473	9.83041	0.437984	55.3996	1224.6
648	4.57354e-08	280.305	99.5641	9.86444	9.83015	0.435865	55.777	1224.22
649	4.55133e-08	280.306	99.5662	9.86414	9.82989	0.433756	56.1574	1223.84
650	4.52923e-08	280.307	99.5683	9.86384	9.82962	0.431658	56.5409	1223.46
651	4.50724e-08	280.307	99.5704	9.86354	9.82936	0.429569	56.9276	1223.07
652	4.48536e-08	280.308	99.5725	9.86324	9.8291	0.427491	57.3174	1222.68
653	4.46358e-08	280.308	99.5746	9.86294	9.82884	0.425423	57.7104	1222.29
654	4.44191e-08	280.309	99.5766	9.86264	9.82857	0.423365	58.1067	1221.89
655	4.42034e-08	280.309	99.5787	9.86234	9.82831	0.421317	58.5062	1221.49
656	4.39887e-08	280.31	99.5807	9.86205	9.82805	0.419278	58.909	1221.09
657	4.37751e-08	280.31	99.5828	9.86175	9.82779	0.41725	59.3151	1220.69
658	4.35625e-08	280.311	99.5848	9.86145	9.82753	0.415231	59.7246	1220.28
659	4.3351e-08	280.312	99.5868	9.86115	9.82726	0.413222	60.1375	1219.86
660	4.31404e-08	280.312	99.5888	9.86085	9.827	0.411223	60.5538	1219.45
661	4.29309e-08	280.313	99.5908	9.86055	9.82674	0.409234	60.9735	1219.03
662	4.27224e-08	280.313	99.5927	9.86025	9.82648	0.407254	61.3967	1218.6
663	4.25149e-08	280.314	99.5947	9.85995	9.82622	0.405284	61.8234	1218.18
664	4.23084e-08	280.314	99.5967	9.85965	9.82595	0.403323	62.2537	1217.75
665	4.21029e-08	280.315	99.5986	9.85935	9.82569	0.401372	62.6875	1217.31
666	4.18984e-08	280.316	99.6006	9.85905	9.82543	0.39943	63.1249	1216.88
667	4.16948e-08	280.316	99.6025	9.85875	9.82517	0.397497	63.566	1216.43
668	4.14923e-08	280.317	99.6044	9.85845	9.82491	0.395574	64.0108	1215.99
669	4.12907e-08	280.317	99.6063	9.85815	9.82464	0.39366	64.4593	1215.54
670	4.10901e-08	280.318	99.6082	9.85785	9.82438	0.391756	64.9115	1215.09
671	4.08905e-08	280.318	99.6101	9.85755	9.82412	0.389861	65.3675	1214.63
672	4.06918e-08	280.319	99.612	9.85725	9.82386	0.387974	65.8274	1214.17
673	4.04941e-08	280.319	99.6139	9.85695	9.82359	0.386097	66.2911	1213.71
674	4.02973e-08	280.32	99.6158	9.85665	9.82333	0.384229	66.7586	1213.24
675	4.01015e-08	280.321	99.6176	9.85635	9.82307	0.38237	67.2301	1212.77
676	3.99067e-08	280.321	99.6195	9.85605	9.82281	0.38052	67.7056	1212.3
677	3.97127e-08	280.322	99.6213	9.85575	9.82255	0.378679	68.1851	1211.82
678	3.95197e-08	280.322	99.6232	9.85545	9.82228	0.376847	68.6686	1211.33
679	3.93277e-08	280.323	99.625	9.85515	9.82202	0.375024	69.1561	1210.84
680	3.91365e-08	280.323	99.6268	9.85485	9.82176	0.37321	69.6478	1210.35
681	3.89463e-08	280.324	99.6286	9.85455	9.8215	0.371404	70.1436	1209.86
682	3.8757e-08	280.325	99.6304	9.85425	9.82124	0.369607	70.6436	1209.36
683	3.85686e-08	280.325	99.6322	9.85395	9.82097	0.367819	71.1479	1208.85
684	3.83811e-08	280.326	99.634	9.85365	9.82071	0.366039	71.6564	1208.34
685	3.81946e-08	280.326	99.6357	9.85335	9.82045	0.364268	72.1692	1207.83
686	3.80089e-08	280.327	99.6375	9.85305	9.82019	0.362506	72.6863	1207.31
687	3.78241e-08	280.327	99.6392	9.85275	9.81992	0.360752	73.2079	1206.79
688	3.76402e-08	280.328	99.641	9.85245	9.81966	0.359007	73.7338	1206.27
689	3.74572e-08	280.328	99.6427	9.85215	9.8194	0.35727	74.2642	1205.74
690	3.72751e-08	280.329	99.6445	9.85185	9.81914	0.355541	74.7991	1205.2
691	3.70938e-08	280.33	99.6462	9.85155	9.81888	0.353821	75.3386	1204.66
692	3.69134e-08	280.33	99.6479	9.85125	9.81861	0.352109	75.8826	1204.12
693	3.67339e-08	280.331	99.6496	9.85095	9.81835	0.350405	76.4313	1203.57
694	3.65553e-08	280.331	99.6513	9.85065	9.81809	0.34871	76.9846	1203.02
695	3.63775e-08	280.332	99.653	9.85034	9.81783	0.347023	77.5426	1202.46
696	3.62006e-08	280.332	99.6547	9.85004	9.81757	0.345344	78.1054	1201.9
697	3.60245e-08	280.333	99.6563	9.84974	9.8173	0.343673	78.6729	1201.33
698	3.58493e-08	280.334	99.658	9.84944	9.81704	0.34201	79.2453	1200.76
699	3.56749e-08	280.334	99.6596	9.84914	9.81678	0.340355	79.8226	1200.18
700	3.55013e-08	280.335	99.6613	9.84884	9.81652	0.338709	80.4048	1199.6
701	3.53286e-08	280.335	99.6629	9.84854	9.81626	0.33707	80.992	1199.01
702	3.51568e-08	280.336	99.6646	9.84824	9.81599	0.335439	81.5841	1198.42
703	3.49857e-08	280.336	99.6662	9.84794	9.81573	0.333816	82.1814	1197.82
704	3.48155e-08	280.337	99.6678	9.84763	9.81547	0.332201	82.7837	1197.22
705	3.46461e-08	280.337	99.6694	9.84733	9.81521	0.330594	83.3911	1196.61
706	3.44775e-08	280.338	99.671	9.84703	9.81494	0.328994	84.0037	1196.0
707	3.43097e-08	280.339	99.6726	9.84673	9.81468	0.327402	84.6216	1195.38
708	3.41427e-08	280.339	99.6742	9.84643	9.81442	0.325818	85.2447	1194.76
709	3.39766e-08	280.34	99.6758	9.84613	9.81416	0.324242	85.8731	1194.13
710	3.38112e-08	280.34	99.6773	9.84583	9.8139	0.322673	86.5069	1193.49
711	3.36466e-08	280.341	99.6789	9.84552	9.81363	0.321112	87.1461	1192.85
712	3.34828e-08	280.341	99.6804	9.84522	9.81337	0.319558	87.7908	1192.21
713	3.33198e-08	280.342	99.682	9.84492	9.81311	0.318012	88.441	1191.56
714	3.31576e-08	280.343	99.6835	9.84462	9.81285	0.316473	89.0967	1190.9
715	3.29962e-08	280.343	99.6851	9.84432	9.81259	0.314942	89.758	1190.24
716	3.28355e-08	280.344	99.6866	9.84402	9.81232	0.313418	90.4249	1189.58
717	3.26757e-08	280.344	99.6881	9.84371	9.81206	0.311901	91.0975	1188.9
718	3.25166e-08	280.345	99.6896	9.84341	9.8118	0.310392	91.7759	1188.23
719	3.23582e-08	280.345	99.6911	9.84311	9.81154	0.30889	92.46	1187.54
720	3.22006e-08	280.346	99.6926	9.84281	9.81127	0.307396	93.1499	1186.85
721	3.20438e-08	280.346	99.6941	9.84251	9.81101	0.305908	93.8458	1186.16
722	3.18877e-08	280.347	99.6956	9.8422	9.81075	0.304428	94.5475	1185.45
723	3.17324e-08	280.348	99.697	9.8419	9.81049	0.302955	95.2553	1184.75
724	3.15778e-08	280.348	99.6985	9.8416	9.81023	0.301489	95.969	1184.03
725	3.1424e-08	280.349	99.7	9.8413	9.80996	0.300031	96.6888	1183.31
726	3.12709e-08	280.349	99.7014	9.841	9.8097	0.298579	97.4147	1182.59
727	3.11185e-08	280.35	99.7029	9.84069	9.80944	0.297134	98.1468	1181.85
728	3.09669e-08	280.35	99.7043	9.84039	9.80918	0.295697	98.8851	1181.12
729	3.0816e-08	280.351	99.7057	9.84009	9.80892	0.294266	99.6297	1180.37
730	3.06658e-08	280.352	99.7072	9.83979	9.80865	0.292842	100.381	1179.62
731	3.05164e-08	280.352	99.7086	9.83948	9.80839	0.291425	101.138	1178.86
732	3.03677e-08	280.353	99.71	9.83918	9.80813	0.290015	101.901	1178.1
733	3.02196e-08	280.353	99.7114	9.83888	9.80787	0.288612	102.671	1177.33
734	3.00723e-08	280.354	99.7128	9.83858	9.80761	0.287215	103.448	1176.55
735	2.99257e-08	280.354	99.7142	9.83828	9.80734	0.285825	104.231	1175.77
736	2.97798e-08	280.355	99.7156	9.83797	9.80708	0.284442	105.021	1174.98
737	2.96347e-08	280.356	99.7169	9.83767	9.80682	0.283066	105.817	1174.18
738	2.94902e-08	280.356	99.7183	9.83737	9.80656	0.281696	106.62	1173.38
739	2.93464e-08	280.357	99.7197	9.83707	9.80629	0.280333	107.43	1172.57
740	2.92032e-08	280.357	99.721	9.83676	9.80603	0.278977	108.247	1171.75
741	2.90608e-08	280.358	99.7224	9.83646	9.80577	0.277627	109.07	1170.93
742	2.89191e-08	280.358	99.7237	9.83616	9.80551	0.276284	109.9	1170.1
743	2.8778e-08	280.359	99.7251	9.83585	9.80525	0.274947	110.738	1169.26
744	2.86376e-08	280.359	99.7264	9.83555	9.80498	0.273616	111.582	1168.42
745	2.84979e-08	280.36	99.7277	9.83525	9.80472	0.272292	112.433	1167.57
746	2.83589e-08	280.361	99.729	9.83495	9.80446	0.270975	113.292	1166.71
747	2.82205e-08	280.361	99.7303	9.83464	9.8042	0.269664	114.157	1165.84
748	2.80828e-08	280.362	99.7316	9.83434	9.80394	0.268359	115.03	1164.97
749	2.79458e-08	280.362	99.7329	9.83404	9.80367	0.26706	115.91	1164.09
750	2.78094e-08	280.363	99.7342	9.83374	9.80341	0.265768	116.797	1163.2
751	2.76736e-08	280.363	99.7355	9.83343	9.80315	0.264482	117.691	1162.31
752	2.75386e-08	280.364	99.7368	9.83313	9.80289	0.263202	118.593	1161.41
753	2.74041e-08	280.365	99.7381	9.83283	9.80262	0.261929	119.503	1160.5
754	2.72703e-08	280.365	99.7393	9.83252	9.80236	0.260661	120.419	1159.58
755	2.71372e-08	280.366	99.7406	9.83222	9.8021	0.2594	121.344	1158.66
756	2.70047e-08	280.366	99.7419	9.83192	9.80184	0.258145	122.275	1157.73
757	2.68728e-08	280.367	99.7431	9.83161	9.80158	0.256896	123.215	1156.79
758	2.67416e-08	280.367	99.7443	9.83131	9.80131	0.255653	124.162	1155.84
759	2.66109e-08	280.368	99.7456	9.83101	9.80105	0.254416	125.117	1154.88
760	2.6481e-08	280.369	99.7468	9.8307	9.80079	0.253185	126.079	1153.92
761	2.63516e-08	280.369	99.748	9.8304	9.80053	0.251959	127.05	1152.95
762	2.62229e-08	280.37	99.7493	9.8301	9.80027	0.25074	128.028	1151.97
763	2.60947e-08	280.37	99.7505	9.8298	9.8	0.249527	129.014	1150.99
764	2.59672e-08	280.371	99.7517	9.82949	9.79974	0.24832	130.008	1149.99
765	2.58403e-08	280.371	99.7529	9.82919	9.79948	0.247118	131.01	1148.99
766	2.5714e-08	280.372	99.7541	9.82889	9.79922	0.245922	132.019	1147.98
767	2.55883e-08	280.372	99.7553	9.82858	9.79896	0.244732	133.037	1146.96
768	2.54632e-08	280.373	99.7565	9.82828	9.79869	0.243548	134.064	1145.94
769	2.53388e-08	280.374	99.7576	9.82798	9.79843	0.242369	135.098	1144.9
770	2.52149e-08	280.374	99.7588	9.82767	9.79817	0.241197	136.14	1143.86
771	2.50916e-08	280.375	99.76	9.82737	9.79791	0.240029	137.191	1142.81
772	2.49689e-08	280.375	99.7611	9.82706	9.79764	0.238868	138.25	1141.75
773	2.48468e-08	280.376	99.7623	9.82676	9.79738	0.237712	139.317	1140.68
774	2.47252e-08	280.376	99.7634	9.82646	9.79712	0.236562	140.392	1139.61
775	2.46043e-08	280.377	99.7646	9.82615	9.79686	0.235417	141.476	1138.52
776	2.44839e-08	280.378	99.7657	9.82585	9.7966	0.234278	142.569	1137.43
777	2.43641e-08	280.378	99.7669	9.82555	9.79633	0.233144	143.669	1136.33
778	2.42449e-08	280.379	99.768	9.82524	9.79607	0.232016	144.779	1135.22
779	2.41262e-08	280.379	99.7691	9.82494	9.79581	0.230893	145.896	1134.1
780	2.40081e-08	280.38	99.7702	9.82464	9.79555	0.229776	147.023	1132.98
781	2.38906e-08	280.38	99.7713	9.82433	9.79529	0.228664	148.158	1131.84
782	2.37737e-08	280.381	99.7724	9.82403	9.79502	0.227558	149.301	1130.7
783	2.36573e-08	280.382	99.7735	9.82373	9.79476	0.226457	150.454	1129.55
784	2.35414e-08	280.382	99.7746	9.82342	9.7945	0.225361	151.615	1128.39
785	2.34262e-08	280.383	99.7757	9.82312	9.79424	0.22427	152.784	1127.22
786	2.33114e-08	280.383	99.7768	9.82281	9.79398	0.223185	153.963	1126.04
787	2.31972e-08	280.384	99.7779	9.82251	9.79371	0.222105	155.15	1124.85
788	2.30836e-08	280.384	99.779	9.82221	9.79345	0.22103	156.346	1123.65
789	2.29705e-08	280.385	99.78	9.8219	9.79319	0.219961	157.551	1122.45
790	2.2858e-08	280.385	99.7811	9.8216	9.79293	0.218896	158.765	1121.24
791	2.27459e-08	280.386	99.7822	9.82129	9.79266	0.217837	159.988	1120.01
792	2.26345e-08	280.387	99.7832	9.82099	9.7924	0.216783	161.22	1118.78
793	2.25235e-08	280.387	99.7843	9.82069	9.79214	0.215734	162.461	1117.54
794	2.24131e-08	280.388	99.7853	9.82038	9.79188	0.21469	163.71	1116.29
795	2.23032e-08	280.388	99.7863	9.82008	9.79162	0.213651	164.969	1115.03
796	2.21939e-08	280.389	99.7874	9.81978	9.79135	0.212617	166.237	1113.76
797	2.2085e-08	280.389	99.7884	9.81947	9.79109	0.211588	167.514	1112.49
798	2.19767e-08	280.39	99.7894	9.81917	9.79083	0.210564	168.8	1111.2
799	2.18689e-08	280.391	99.7905	9.81886	9.79057	0.209545	170.095	1109.91
800	2.17616e-08	280.391	99.7915	9.81856	9.79031	0.208531	171.4	1108.6
801	2.16548e-08	280.392	99.7925	9.81825	9.79004	0.207522	172.713	1107.29
802	2.15486e-08	280.392	99.7935	9.81795	9.78978	0.206518	174.036	1105.97
803	2.14428e-08	280.393	99.7945	9.81765	9.78952	0.205519	175.368	1104.63
804	2.13376e-08	280.393	99.7955	9.81734	9.78926	0.204524	176.709	1103.29
805	2.12328e-08	280.394	99.7965	9.81704	9.78899	0.203535	178.059	1101.94
806	2.11286e-08	280.395	99.7975	9.81673	9.78873	0.20255	179.419	1100.58
807	2.10248e-08	280.395	99.7984	9.81643	9.78847	0.201569	180.787	1099.21
808	2.09216e-08	280.396	99.7994	9.81613	9.78821	0.200594	182.166	1097.84
809	2.08188e-08	280.396	99.8004	9.81582	9.78795	0.199623	183.553	1096.45
810	2.07166e-08	280.397	99.8013	9.81552	9.78768	0.198657	184.95	1095.05
811	2.06148e-08	280.397	99.8023	9.81521	9.78742	0.197696	186.356	1093.65
812	2.05135e-08	280.398	99.8033	9.81491	9.78716	0.196739	187.771	1092.23
813	2.04127e-08	280.398	99.8042	9.8146	9.7869	0.195787	189.196	1090.81
814	2.03124e-08	280.399	99.8052	9.8143	9.78664	0.19484	190.63	1089.37
815	2.02125e-08	280.4	99.8061	9.814	9.78637	0.193897	192.073	1087.93
816	2.01131e-08	280.4	99.807	9.81369	9.78611	0.192959	193.526	1086.48
817	2.00142e-08	280.401	99.808	9.81339	9.78585	0.192025	194.988	1085.01
818	1.99158e-08	280.401	99.8089	9.81308	9.78559	0.191096	196.459	1083.54
819	1.98179e-08	280.402	99.8098	9.81278	9.78533	0.190171	197.94	1082.06
820	1.97204e-08	280.402	99.8107	9.81247	9.78506	0.189251	199.43	1080.57
821	1.96233e-08	280.403	99.8117	9.81217	9.7848	0.188335	200.929	1079.07
822	1.95268e-08	280.404	99.8126	9.81187	9.78454	0.187423	202.438	1077.56
823	1.94307e-08	280.404	99.8135	9.81156	9.78428	0.186516	203.956	1076.04
824	1.93351e-08	280.405	99.8144	9.81126	9.78401	0.185614	205.484	1074.52
825	1.92399e-08	280.405	99.8153	9.81095	9.78375	0.184716	207.021	1072.98
826	1.91451e-08	280.406	99.8162	9.81065	9.78349	0.183822	208.567	1071.43
827	1.90509e-08	280.406	99.8171	9.81034	9.78323	0.182932	210.122	1069.88
828	1.8957e-08	280.407	99.818	9.81004	9.78297	0.182047	211.687	1068.31
829	1.88637e-08	280.408	99.8188	9.80973	9.7827	0.181166	213.261	1066.74
830	1.87707e-08	280.408	99.8197	9.80943	9.78244	0.180289	214.844	1065.16
831	1.86782e-08	280.409	99.8206	9.80912	9.78218	0.179417	216.437	1063.56
832	1.85862e-08	280.409	99.8215	9.80882	9.78192	0.178549	218.039	1061.96
833	1.84946e-08	280.41	99.8223	9.80852	9.78166	0.177684	219.65	1060.35
834	1.84034e-08	280.41	99.8232	9.80821	9.78139	0.176825	221.271	1058.73
835	1.83127e-08	280.411	99.824	9.80791	9.78113	0.175969	222.9	1057.1
836	1.82224e-08	280.412	99.8249	9.8076	9.78087	0.175117	224.539	1055.46
837	1.81325e-08	280.412	99.8257	9.8073	9.78061	0.17427	226.187	1053.81
838	1.80431e-08	280.413	99.8266	9.80699	9.78034	0.173427	227.844	1052.16
839	1.7954e-08	280.413	99.8274	9.80669	9.78008	0.172587	229.51	1050.49
840	1.78654e-08	280.414	99.8282	9.80638	9.77982	0.171752	231.186	1048.82
841	1.77773e-08	280.414	99.8291	9.80608	9.77956	0.170921	232.87	1047.13
842	1.76895e-08	280.415	99.8299	9.80577	9.7793	0.170094	234.564	1045.44
843	1.76022e-08	280.415	99.8307	9.80547	9.77903	0.169271	236.266	1043.73
844	1.75153e-08	280.416	99.8315	9.80516	9.77877	0.168452	237.978	1042.02
845	1.74288e-08	280.417	99.8324	9.80486	9.77851	0.167636	239.699	1040.3
846	1.73427e-08	280.417	99.8332	9.80455	9.77825	0.166825	241.428	1038.57
847	1.7257e-08	280.418	99.834	9.80425	9.77799	0.166018	243.166	1036.83
848	1.71718e-08	280.418	99.8348	9.80395	9.77772	0.165214	244.914	1035.09
849	1.70869e-08	280.419	99.8356	9.80364	9.77746	0.164415	246.67	1033.33
850	1.70024e-08	280.419	99.8364	9.80334	9.7772	0.163619	248.435	1031.57
851	1.69184e-08	280.42	99.8372	9.80303	9.77694	0.162827	250.209	1029.79
852	1.68347e-08	280.421	99.838	9.80273	9.77668	0.162039	251.991	1028.01
853	1.67515e-08	280.421	99.8387	9.80242	9.77641	0.161255	253.782	1026.22
854	1.66686e-08	280.422	99.8395	9.80212	9.77615	0.160475	255.582	1024.42
855	1.65862e-08	280.422	99.8403	9.80181	9.77589	0.159698	257.391	1022.61
856	1.65041e-08	280.423	99.8411	9.80151	9.77563	0.158925	259.208	1020.79
857	1.64224e-08	280.423	99.8418	9.8012	9.77536	0.158156	261.033	1018.97
858	1.63411e-08	280.424	99.8426	9.8009	9.7751	0.157391	262.868	1017.13
859	1.62602e-08	280.425	99.8434	9.80059	9.77484	0.156629	264.71	1015.29
860	1.61797e-08	280.425	99.8441	9.80029	9.77458	0.155871	266.561	1013.44
861	1.60996e-08	280.426	99.8449	9.79998	9.77432	0.155117	268.42	1011.58
862	1.60198e-08	280.426	99.8456	9.79968	9.77405	0.154366	270.288	1009.71
863	1.59405e-08	280.427	99.8464	9.79937	9.77379	0.153619	272.164	1007.84
864	1.58615e-08	280.427	99.8471	9.79907	9.77353	0.152876	274.048	1005.95
865	1.57829e-08	280.428	99.8479	9.79876	9.77327	0.152136	275.94	1004.06
866	1.57046e-08	280.429	99.8486	9.79846	9.77301	0.1514	277.841	1002.16
867	1.56268e-08	280.429	99.8493	9.79815	9.77274	0.150667	279.749	1000.25
868	1.55493e-08	280.43	99.8501	9.79785	9.77248	0.149938	281.666	998.335
869	1.54722e-08	280.43	99.8508	9.79754	9.77222	0.149212	283.59	996.411
870	1.53954e-08	280.431	99.8515	9.79724	9.77196	0.14849	285.522	994.479
871	1.5319e-08	280.431	99.8522	9.79693	9.77169	0.147772	287.462	992.539
872	1.5243e-08	280.432	99.8529	9.79663	9.77143	0.147056	289.41	990.591
873	1.51673e-08	280.433	99.8537	9.79632	9.77117	0.146345	291.366	988.635
874	1.5092e-08	280.433	99.8544	9.79602	9.77091	0.145637	293.329	986.672
875	1.50171e-08	280.434	99.8551	9.79571	9.77065	0.144932	295.3	984.701
876	1.49425e-08	280.434	99.8558	9.79541	9.77038	0.14423	297.279	982.722
877	1.48683e-08	280.435	99.8565	9.7951	9.77012	0.143532	299.265	980.736
878	1.47944e-08	280.435	99.8572	9.7948	9.76986	0.142838	301.258	978.743
879	1.47209e-08	280.436	99.8579	9.79449	9.7696	0.142146	303.259	976.742
880	1.46477e-08	280.436	99.8585	9.79419	9.76934	0.141459	305.267	974.734
881	1.45749e-08	280.437	99.8592	9.79388	9.76907	0.140774	307.282	972.719
882	1.45024e-08	280.438	99.8599	9.79358	9.76881	0.140093	309.304	970.697
883	1.44303e-08	280.438	99.8606	9.79327	9.76855	0.139415	311.334	968.667
884	1.43585e-08	280.439	99.8613	9.79297	9.76829	0.13874	313.37	966.631
885	1.42871e-08	280.439	99.8619	9.79266	9.76803	0.138069	315.413	964.588
886	1.4216e-08	280.44	99.8626	9.79236	9.76776	0.1374	317.464	962.537
887	1.41452e-08	280.44	99.8633	9.79205	9.7675	0.136735	319.521	960.48
888	1.40748e-08	280.441	99.8639	9.79175	9.76724	0.136074	321.585	958.416
889	1.40047e-08	280.442	99.8646	9.79144	9.76698	0.135415	323.655	956.346
890	1.39349e-08	280.442	99.8652	9.79114	9.76671	0.13476	325.733	954.268
891	1.38655e-08	280.443	99.8659	9.79083	9.76645	0.134108	327.816	952.185
892	1.37964e-08	280.443	99.8665	9.79053	9.76619	0.133459	329.906	950.095
893	1.37277e-08	280.444	99.8672	9.79022	9.76593	0.132813	332.003	947.998
894	1.36592e-08	280.444	99.8678	9.78992	9.76567	0.13217	334.106	945.895
895	1.35911e-08	280.445	99.8685	9.78961	9.7654	0.13153	336.215	943.786
896	1.35233e-08	280.446	99.8691	9.78931	9.76514	0.130894	338.33	941.671
897	1.34559e-08	280.446	99.8697	9.789	9.76488	0.13026	340.452	939.549
898	1.33888e-08	280.447	99.8704	9.7887	9.76462	0.12963	342.579	937.422
899	1.33219e-08	280.447	99.871	9.78839	9.76436	0.129003	344.712	935.289
900	1.32554e-08	280.448	99.8716	9.78808	9.76409	0.128378	346.851	933.15
901	1.31893e-08	280.448	99.8722	9.78778	9.76383	0.127757	348.996	931.005
902	1.31234e-08	280.449	99.8729	9.78747	9.76357	0.127139	351.147	928.854
903	1.30579e-08	280.45	99.8735	9.78717	9.76331	0.126523	353.303	926.698
904	1.29926e-08	280.45	99.8741	9.78686	9.76305	0.125911	355.465	924.536
905	1.29277e-08	280.451	99.8747	9.78656	9.76278	0.125302	357.632	922.369
906	1.28631e-08	280.451	99.8753	9.78625	9.76252	0.124695	359.805	920.196
907	1.27988e-08	280.452	99.8759	9.78595	9.76226	0.124092	361.983	918.018
908	1.27348e-08	280.452	99.8765	9.78564	9.762	0.123491	364.166	915.835
909	1.26711e-08	280.453	99.8771	9.78534	9.76173	0.122894	366.355	913.646
910	1.26077e-08	280.453	99.8777	9.78503	9.76147	0.122299	368.548	911.453
911	1.25446e-08	280.454	99.8783	9.78473	9.76121	0.121707	370.747	909.254
912	1.24819e-08	280.455	99.8789	9.78442	9.76095	0.121118	372.95	907.051
913	1.24194e-08	280.455	99.8795	9.78412	9.76069	0.120532	375.158	904.843
914	1.23572e-08	280.456	99.8801	9.78381	9.76042	0.119949	377.371	902.63
915	1.22953e-08	280.456	99.8806	9.78351	9.76016	0.119368	379.589	900.412
916	1.22337e-08	280.457	99.8812	9.7832	9.7599	0.11879	381.811	898.19
917	1.21724e-08	280.457	99.8818	9.7829	9.75964	0.118216	384.038	895.963
918	1.21114e-08	280.458	99.8824	9.78259	9.75938	0.117643	386.269	893.732
919	1.20507e-08	280.459	99.8829	9.78229	9.75911	0.117074	388.504	891.497
920	1.19903e-08	280.459	99.8835	9.78198	9.75885	0.116507	390.744	889.257
921	1.19302e-08	280.46	99.8841	9.78168	9.75859	0.115944	392.988	887.013
922	1.18703e-08	280.46	99.8846	9.78137	9.75833	0.115382	395.236	884.765
923	1.18108e-08	280.461	99.8852	9.78106	9.75806	0.114824	397.488	882.513
924	1.17515e-08	280.461	99.8857	9.78076	9.7578	0.114268	399.744	880.257
925	1.16925e-08	280.462	99.8863	9.78045	9.75754	0.113715	402.003	877.998
926	1.16338e-08	280.463	99.8868	9.78015	9.75728	0.113165	404.267	875.734
927	1.15754e-08	280.463	99.8874	9.77984	9.75702	0.112617	406.534	873.467
928	1.15172e-08	280.464	99.8879	9.77954	9.75675	0.112072	408.805	871.196
929	1.14593e-08	280.464	99.8885	9.77923	9.75649	0.11153	411.079	868.922
930	1.14017e-08	280.465	99.889	9.77893	9.75623	0.11099	413.357	866.644
931	1.13444e-08	280.465	99.8895	9.77862	9.75597	0.110453	415.638	864.363
932	1.12874e-08	280.466	99.8901	9.77832	9.75571	0.109918	417.922	862.079
933	1.12306e-08	280.467	99.8906	9.77801	9.75544	0.109386	420.209	859.792
934	1.11741e-08	280.467	99.8911	9.77771	9.75518	0.108857	422.5	857.501
935	1.11179e-08	280.468	99.8917	9.7774	9.75492	0.10833	424.793	855.208
936	1.10619e-08	280.468	99.8922	9.7771	9.75466	0.107806	427.09	852.911
937	1.10062e-08	280.469	99.8927	9.77679	9.7544	0.107284	429.389	850.612
938	1.09508e-08	280.469	99.8932	9.77649	9.75413	0.106765	431.691	848.31
939	1.08957e-08	280.47	99.8938	9.77618	9.75387	0.106248	433.996	846.005
940	1.08408e-08	280.471	99.8943	9.77587	9.75361	0.105734	436.303	843.698
941	1.07861e-08	280.471	99.8948	9.77557	9.75335	0.105222	438.613	841.388
942	1.07318e-08	280.472	99.8953	9.77526	9.75308	0.104713	440.925	839.076
943	1.06777e-08	280.472	99.8958	9.77496	9.75282	0.104206	443.24	836.761
944	1.06238e-08	280.473	99.8963	9.77465	9.75256	0.103702	445.556	834.445
945	1.05702e-08	280.473	99.8968	9.77435	9.7523	0.1032	447.875	832.126
946	1.05169e-08	280.474	99.8973	9.77404	9.75204	0.102701	450.196	829.805
947	1.04638e-08	280.474	99.8978	9.77374	9.75177	0.102204	452.52	827.481
948	1.0411e-08	280.475	99.8983	9.77343	9.75151	0.101709	454.845	825.156
949	1.03584e-08	280.476	99.8988	9.77313	9.75125	0.101217	457.172	822.829
950	1.03061e-08	280.476	99.8993	9.77282	9.75099	0.100727	459.5	820.501
951	1.0254e-08	280.477	99.8998	9.77252	9.75073	0.100239	461.831	818.17
952	1.02022e-08	280.477	99.9002	9.77221	9.75046	0.0997543	464.163	815.838
953	1.01506e-08	280.478	99.9007	9.77191	9.7502	0.0992715	466.496	813.505
954	1.00993e-08	280.478	99.9012	9.7716	9.74994	0.0987911	468.831	811.17
955	1.00482e-08	280.479	99.9017	9.7713	9.74968	0.098313	471.168	808.833
956	9.99735e-09	280.48	99.9022	9.77099	9.74941	0.0978372	473.505	806.496
957	9.94676e-09	280.48	99.9026	9.77068	9.74915	0.0973637	475.844	804.157
958	9.89641e-09	280.481	99.9031	9.77038	9.74889	0.0968924	478.184	801.817
959	9.84631e-09	280.481	99.9036	9.77007	9.74863	0.0964235	480.525	799.476
960	9.79644e-09	280.482	99.904	9.76977	9.74837	0.0959568	482.867	797.134
961	9.74681e-09	280.482	99.9045	9.76946	9.7481	0.0954924	485.21	794.791
962	9.69742e-09	280.483	99.905	9.76916	9.74784	0.0950303	487.554	792.447
963	9.64827e-09	280.484	99.9054	9.76885	9.74758	0.0945704	489.899	790.102
964	9.59935e-09	280.484	99.9059	9.76855	9.74732	0.0941127	492.244	787.757
965	9.55067e-09	280.485	99.9063	9.76824	9.74706	0.0936572	494.59	785.411
966	9.50222e-09	280.485	99.9068	9.76794	9.74679	0.0932039	496.936	783.065
967	9.45401e-09	280.486	99.9072	9.76763	9.74653	0.0927528	499.283	780.718
968	9.40602e-09	280.486	99.9077	9.76733	9.74627	0.0923039	501.63	778.371
969	9.35827e-09	280.487	99.9081	9.76702	9.74601	0.0918572	503.978	776.023
970	9.31075e-09	280.488	99.9086	9.76672	9.74575	0.0914126	506.325	773.676
971	9.26345e-09	280.488	99.909	9.76641	9.74548	0.0909702	508.673	771.328
972	9.21638e-09	280.489	99.9095	9.76611	9.74522	0.09053	511.021	768.98
973	9.16954e-09	280.489	99.9099	9.7658	9.74496	0.0900918	513.369	766.632
974	9.12292e-09	280.49	99.9103	9.7655	9.7447	0.0896558	515.717	764.284
975	9.07653e-09	280.49	99.9108	9.76519	9.74443	0.0892219	518.065	761.936
976	9.03035e-09	280.491	99.9112	9.76488	9.74417	0.0887901	520.412	759.589
977	8.9844e-09	280.492	99.9116	9.76458	9.74391	0.0883603	522.759	757.242
978	8.93868e-09	280.492	99.9121	9.76427	9.74365	0.0879327	525.106	754.895
979	8.89317e-09	280.493	99.9125	9.76397	9.74339	0.0875071	527.453	752.548
980	8.84788e-09	280.493	99.9129	9.76366	9.74312	0.0870836	529.799	750.202
981	8.8028e-09	280.494	99.9133	9.76336	9.74286	0.0866621	532.144	747.857
982	8.75795e-09	280.494	99.9138	9.76305	9.7426	0.0862427	534.489	745.512
983	8.71331e-09	280.495	99.9142	9.76275	9.74234	0.0858253	536.833	743.168
984	8.66888e-09	280.495	99.9146	9.76244	9.74208	0.0854099	539.177	740.824
985	8.62467e-09	280.496	99.915	9.76214	9.74181	0.0849966	541.519	738.482
986	8.58067e-09	280.497	99.9154	9.76183	9.74155	0.0845852	543.861	736.14
987	8.53689e-09	280.497	99.9158	9.76153	9.74129	0.0841758	546.202	733.799
988	8.49331e-09	280.498	99.9162	9.76122	9.74103	0.0837684	548.541	731.46
989	8.44994e-09	280.498	99.9166	9.76092	9.74076	0.083363	550.88	729.121
990	8.40678e-09	280.499	99.917	9.76061	9.7405	0.0829596	553.217	726.784
991	8.36383e-09	280.499	99.9174	9.76031	9.74024	0.082558	555.553	724.448
992	8.32109e-09	280.5	99.9178	9.76	9.73998	0.0821585	557.888	722.113
993	8.27855e-09	280.501	99.9182	9.7597	9.73972	0.0817608	560.222	719.779
994	8.23622e-09	280.501	99.9186	9.75939	9.73945	0.0813651	562.554	717.447
995	8.19409e-09	280.502	99.919	9.75908	9.73919	0.0809714	564.885	715.116
996	8.15216e-09	280.502	99.9194	9.75878	9.73893	0.0805795	567.214	712.787
997	8.11044e-09	280.503	99.9198	9.75847	9.73867	0.0801895	569.541	710.46
998	8.06891e-09	280.503	99.9202	9.75817	9.73841	0.0798014	571.867	708.134
999	8.02759e-09	280.504	99.9206	9.75786	9.73814	0.0794151	574.191	705.81
1000	7.98647e-09	280.505	99.921	9.75756	9.73788	0.0790308	576.514	703.487
