Time	Mek1-PP	Erk2	Mos	Erk2-P	Erk2-PP	Mos-P	Mek1	Mek1-P
0	10.0	280.0	90.0	10.0	10.0	10.0	280.0	10.0
1	9.05102e-07	96.2524	90.0479	193.734	10.0137	9.95215	0.0444099	299.956
2	9.0075e-07	96.2631	90.0955	193.723	10.0135	9.90453	0.0446243	299.955
3	8.9642e-07	96.2739	90.1429	193.713	10.0132	9.85713	0.0448397	299.955
4	8.9211e-07	96.2846	90.19	193.702	10.0129	9.80995	0.0450561	299.955
5	8.87821e-07	96.2953	90.237	193.692	10.0127	9.763	0.0452737	299.955
6	8.83553e-07	96.306	90.2837	193.682	10.0124	9.71627	0.0454923	299.955
7	8.79304e-07	96.3167	90.3302	193.671	10.0122	9.66976	0.0457119	299.954
8	8.75076e-07	96.3275	90.3765	193.661	10.0119	9.62347	0.0459327	299.954
9	8.70869e-07	96.3382	90.4226	193.65	10.0116	9.5774	0.0461545	299.954
10	8.66681e-07	96.3489	90.4685	193.64	10.0114	9.53155	0.0463774	299.954
11	8.62513e-07	96.3596	90.5141	193.629	10.0111	9.48592	0.0466014	299.953
12	8.58366e-07	96.3703	90.5595	193.619	10.0108	9.4405	0.0468265	299.953
13	8.54238e-07	96.3811	90.6047	193.608	10.0106	9.3953	0.0470527	299.953
14	8.5013e-07	96.3918	90.6497	193.598	10.0103	9.35031	0.04728	299.953
15	8.46041e-07	96.4025	90.6945	193.587	10.0101	9.30554	0.0475085	299.952
16	8.41972e-07	96.4133	90.739	193.577	10.0098	9.26097	0.047738	299.952
17	8.37923e-07	96.424	90.7834	193.566	10.0095	9.21662	0.0479687	299.952
18	8.33893e-07	96.4347	90.8275	193.556	10.0093	9.17248	0.0482005	299.952
19	8.29882e-07	96.4454	90.8714	193.546	10.009	9.12855	0.0484334	299.952
20	8.2589e-07	96.4562	90.9152	193.535	10.0087	9.08483	0.0486675	299.951
21	8.21918e-07	96.4669	90.9587	193.525	10.0085	9.04131	0.0489027	299.951
22	8.17964e-07	96.4776	91.002	193.514	10.0082	8.998	0.0491391	299.951
23	8.14029e-07	96.4884	91.0451	193.504	10.008	8.9549	0.0493767	299.951
24	8.10113e-07	96.4991	91.088	193.493	10.0077	8.912	0.0496154	299.95
25	8.06216e-07	96.5098	91.1307	193.483	10.0074	8.8693	0.0498552	299.95
26	8.02338e-07	96.5206	91.1732	193.472	10.0072	8.8268	0.0500963	299.95
27	7.98478e-07	96.5313	91.2155	193.462	10.0069	8.78451	0.0503385	299.95
28	7.94636e-07	96.542	91.2576	193.451	10.0066	8.74242	0.0505819	299.949
29	7.90813e-07	96.5528	91.2995	193.441	10.0064	8.70053	0.0508266	299.949
30	7.87008e-07	96.5635	91.3412	193.43	10.0061	8.65883	0.0510724	299.949
31	7.83221e-07	96.5743	91.3827	193.42	10.0059	8.61734	0.0513194	299.949
32	7.79453e-07	96.585	91.424	193.409	10.0056	8.57604	0.0515676	299.948
33	7.75702e-07	96.5957	91.4651	193.399	10.0053	8.53493	0.0518171	299.948
34	7.7197e-07	96.6065	91.506	193.388	10.0051	8.49403	0.0520678	299.948
35	7.68255e-07	96.6172	91.5467	193.378	10.0048	8.45331	0.0523197	299.948
36	7.64558e-07	96.628	91.5872	193.367	10.0046	8.41279	0.0525728	299.947
37	7.60879e-07	96.6387	91.6275	193.357	10.0043	8.37246	0.0528272	299.947
38	7.57217e-07	96.6494	91.6677	193.347	10.004	8.33233	0.0530828	299.947
39	7.53573e-07	96.6602	91.7076	193.336	10.0038	8.29238	0.0533397	299.947
40	7.49946e-07	96.6709	91.7474	193.326	10.0035	8.25262	0.0535979	299.946
41	7.46337e-07	96.6817	91.7869	193.315	10.0032	8.21306	0.0538573	299.946
42	7.42744e-07	96.6924	91.8263	193.305	10.003	8.17368	0.054118	299.946
43	7.3917e-07	96.7032	91.8655	193.294	10.0027	8.13448	0.05438	299.946
44	7.35612e-07	96.7139	91.9045	193.284	10.0025	8.09548	0.0546432	299.945
45	7.32071e-07	96.7247	91.9433	193.273	10.0022	8.05666	0.0549078	299.945
46	7.28547e-07	96.7354	91.982	193.263	10.0019	8.01802	0.0551736	299.945
47	7.2504e-07	96.7462	92.0204	193.252	10.0017	7.97957	0.0554408	299.945
48	7.2155e-07	96.7569	92.0587	193.242	10.0014	7.9413	0.0557092	299.944
49	7.18077e-07	96.7677	92.0968	193.231	10.0011	7.90321	0.055979	299.944
50	7.1462e-07	96.7784	92.1347	193.221	10.0009	7.8653	0.0562501	299.944
51	7.1118e-07	96.7892	92.1724	193.21	10.0006	7.82757	0.0565225	299.943
52	7.07756e-07	96.7999	92.21	193.2	10.0004	7.79003	0.0567963	299.943
53	7.04348e-07	96.8107	92.2473	193.189	10.0001	7.75266	0.0570714	299.943
54	7.00957e-07	96.8214	92.2845	193.179	9.99983	7.71547	0.0573479	299.943
55	6.97583e-07	96.8322	92.3215	193.168	9.99957	7.67845	0.0576257	299.942
56	6.94224e-07	96.8429	92.3584	193.158	9.99931	7.64161	0.0579049	299.942
57	6.90881e-07	96.8537	92.3951	193.147	9.99905	7.60495	0.0581855	299.942
58	6.87555e-07	96.8644	92.4315	193.137	9.99879	7.56846	0.0584674	299.942
59	6.84244e-07	96.8752	92.4679	193.126	9.99852	7.53214	0.0587508	299.941
60	6.80949e-07	96.886	92.504	193.116	9.99826	7.496	0.0590355	299.941
61	6.7767e-07	96.8967	92.54	193.105	9.998	7.46003	0.0593216	299.941
62	6.74407e-07	96.9075	92.5758	193.095	9.99774	7.42423	0.0596091	299.94
63	6.71159e-07	96.9182	92.6114	193.084	9.99748	7.3886	0.059898	299.94
64	6.67927e-07	96.929	92.6469	193.074	9.99721	7.35314	0.0601884	299.94
65	6.64711e-07	96.9397	92.6821	193.063	9.99695	7.31785	0.0604802	299.94
66	6.61509e-07	96.9505	92.7173	193.053	9.99669	7.28273	0.0607734	299.939
67	6.58324e-07	96.9613	92.7522	193.042	9.99643	7.24777	0.061068	299.939
68	6.55153e-07	96.972	92.787	193.032	9.99617	7.21298	0.0613641	299.939
69	6.51998e-07	96.9828	92.8216	193.021	9.9959	7.17836	0.0616617	299.938
70	6.48857e-07	96.9935	92.8561	193.011	9.99564	7.1439	0.0619607	299.938
71	6.45732e-07	97.0043	92.8904	193.0	9.99538	7.1096	0.0622612	299.938
72	6.42622e-07	97.0151	92.9245	192.99	9.99512	7.07547	0.0625632	299.937
73	6.39527e-07	97.0258	92.9585	192.979	9.99485	7.0415	0.0628666	299.937
74	6.36446e-07	97.0366	92.9923	192.969	9.99459	7.0077	0.0631716	299.937
75	6.3338e-07	97.0474	93.026	192.958	9.99433	6.97405	0.063478	299.937
76	6.30329e-07	97.0581	93.0594	192.948	9.99407	6.94056	0.063786	299.936
77	6.27293e-07	97.0689	93.0928	192.937	9.99381	6.90724	0.0640954	299.936
78	6.24271e-07	97.0797	93.1259	192.927	9.99354	6.87407	0.0644064	299.936
79	6.21264e-07	97.0904	93.1589	192.916	9.99328	6.84106	0.0647189	299.935
80	6.18271e-07	97.1012	93.1918	192.906	9.99302	6.80821	0.065033	299.935
81	6.15292e-07	97.112	93.2245	192.895	9.99276	6.77551	0.0653486	299.935
82	6.12328e-07	97.1227	93.257	192.885	9.9925	6.74297	0.0656657	299.934
83	6.09378e-07	97.1335	93.2894	192.874	9.99223	6.71058	0.0659844	299.934
84	6.06442e-07	97.1443	93.3216	192.864	9.99197	6.67835	0.0663047	299.934
85	6.0352e-07	97.155	93.3537	192.853	9.99171	6.64627	0.0666266	299.933
86	6.00612e-07	97.1658	93.3857	192.843	9.99145	6.61435	0.06695	299.933
87	5.97718e-07	97.1766	93.4174	192.832	9.99119	6.58258	0.067275	299.933
88	5.94838e-07	97.1873	93.449	192.822	9.99092	6.55096	0.0676017	299.932
89	5.91972e-07	97.1981	93.4805	192.811	9.99066	6.51949	0.0679299	299.932
90	5.89119e-07	97.2089	93.5118	192.801	9.9904	6.48816	0.0682597	299.932
91	5.8628e-07	97.2196	93.543	192.79	9.99014	6.45699	0.0685912	299.931
92	5.83455e-07	97.2304	93.574	192.78	9.98988	6.42597	0.0689243	299.931
93	5.80643e-07	97.2412	93.6049	192.769	9.98961	6.3951	0.0692591	299.931
94	5.77845e-07	97.252	93.6356	192.759	9.98935	6.36437	0.0695955	299.93
95	5.7506e-07	97.2627	93.6662	192.748	9.98909	6.33379	0.0699335	299.93
96	5.72289e-07	97.2735	93.6966	192.738	9.98883	6.30335	0.0702732	299.93
97	5.69531e-07	97.2843	93.7269	192.727	9.98856	6.27306	0.0706146	299.929
98	5.66786e-07	97.2951	93.7571	192.717	9.9883	6.24292	0.0709577	299.929
99	5.64054e-07	97.3058	93.7871	192.706	9.98804	6.21292	0.0713024	299.929
100	5.61336e-07	97.3166	93.8169	192.696	9.98778	6.18306	0.0716489	299.928
101	5.5863e-07	97.3274	93.8467	192.685	9.98752	6.15334	0.071997	299.928
102	5.55938e-07	97.3382	93.8762	192.675	9.98725	6.12377	0.0723469	299.928
103	5.53258e-07	97.3489	93.9057	192.664	9.98699	6.09434	0.0726985	299.927
104	5.50591e-07	97.3597	93.935	192.654	9.98673	6.06504	0.0730518	299.927
105	5.47937e-07	97.3705	93.9641	192.643	9.98647	6.03589	0.0734069	299.927
106	5.45296e-07	97.3813	93.9931	192.633	9.98621	6.00688	0.0737637	299.926
107	5.42668e-07	97.392	94.022	192.622	9.98594	5.978	0.0741223	299.926
108	5.40052e-07	97.4028	94.0507	192.612	9.98568	5.94927	0.0744826	299.926
109	5.37448e-07	97.4136	94.0793	192.601	9.98542	5.92067	0.0748447	299.925
110	5.34857e-07	97.4244	94.1078	192.59	9.98516	5.8922	0.0752086	299.925
111	5.32279e-07	97.4351	94.1361	192.58	9.9849	5.86388	0.0755743	299.924
112	5.29713e-07	97.4459	94.1643	192.569	9.98463	5.83568	0.0759418	299.924
113	5.27159e-07	97.4567	94.1924	192.559	9.98437	5.80763	0.0763111	299.924
114	5.24618e-07	97.4675	94.2203	192.548	9.98411	5.7797	0.0766822	299.923
115	5.22088e-07	97.4783	94.2481	192.538	9.98385	5.75191	0.0770552	299.923
116	5.19571e-07	97.489	94.2757	192.527	9.98358	5.72426	0.07743	299.923
117	5.17066e-07	97.4998	94.3033	192.517	9.98332	5.69673	0.0778066	299.922
118	5.14573e-07	97.5106	94.3307	192.506	9.98306	5.66934	0.0781851	299.922
119	5.12092e-07	97.5214	94.3579	192.496	9.9828	5.64208	0.0785654	299.921
120	5.09623e-07	97.5322	94.3851	192.485	9.98254	5.61494	0.0789477	299.921
121	5.07166e-07	97.5429	94.4121	192.475	9.98227	5.58794	0.0793318	299.921
122	5.04721e-07	97.5537	94.4389	192.464	9.98201	5.56107	0.0797178	299.92
123	5.02287e-07	97.5645	94.4657	192.454	9.98175	5.53432	0.0801057	299.92
124	4.99865e-07	97.5753	94.4923	192.443	9.98149	5.5077	0.0804955	299.92
125	4.97455e-07	97.5861	94.5188	192.433	9.98123	5.48121	0.0808872	299.919
126	4.95056e-07	97.5968	94.5451	192.422	9.98096	5.45485	0.0812809	299.919
127	4.92668e-07	97.6076	94.5714	192.412	9.9807	5.42861	0.0816765	299.918
128	4.90293e-07	97.6184	94.5975	192.401	9.98044	5.4025	0.0820741	299.918
129	4.87928e-07	97.6292	94.6235	192.391	9.98018	5.37651	0.0824736	299.918
130	4.85575e-07	97.64	94.6494	192.38	9.97992	5.35065	0.0828751	299.917
131	4.83234e-07	97.6507	94.6751	192.37	9.97965	5.32491	0.0832786	299.917
132	4.80903e-07	97.6615	94.7007	192.359	9.97939	5.29929	0.083684	299.916
133	4.78584e-07	97.6723	94.7262	192.349	9.97913	5.2738	0.0840915	299.916
134	4.76276e-07	97.6831	94.7516	192.338	9.97887	5.24843	0.084501	299.915
135	4.73979e-07	97.6939	94.7768	192.328	9.97861	5.22318	0.0849125	299.915
136	4.71693e-07	97.7047	94.802	192.317	9.97834	5.19805	0.085326	299.915
137	4.69418e-07	97.7155	94.827	192.306	9.97808	5.17304	0.0857416	299.914
138	4.67154e-07	97.7262	94.8519	192.296	9.97782	5.14815	0.0861592	299.914
139	4.649e-07	97.737	94.8766	192.285	9.97756	5.12338	0.0865789	299.913
140	4.62658e-07	97.7478	94.9013	192.275	9.97729	5.09872	0.0870007	299.913
141	4.60426e-07	97.7586	94.9258	192.264	9.97703	5.07419	0.0874245	299.913
142	4.58206e-07	97.7694	94.9502	192.254	9.97677	5.04977	0.0878505	299.912
143	4.55995e-07	97.7802	94.9745	192.243	9.97651	5.02547	0.0882785	299.912
144	4.53796e-07	97.7909	94.9987	192.233	9.97625	5.00129	0.0887087	299.911
145	4.51607e-07	97.8017	95.0228	192.222	9.97598	4.97722	0.089141	299.911
146	4.49428e-07	97.8125	95.0467	192.212	9.97572	4.95326	0.0895754	299.91
147	4.4726e-07	97.8233	95.0706	192.201	9.97546	4.92943	0.0900119	299.91
148	4.45103e-07	97.8341	95.0943	192.191	9.9752	4.9057	0.0904507	299.91
149	4.42955e-07	97.8449	95.1179	192.18	9.97494	4.88209	0.0908916	299.909
150	4.40819e-07	97.8557	95.1414	192.17	9.97467	4.85859	0.0913346	299.909
151	4.38692e-07	97.8664	95.1648	192.159	9.97441	4.83521	0.0917799	299.908
152	4.36576e-07	97.8772	95.1881	192.149	9.97415	4.81193	0.0922274	299.908
153	4.34469e-07	97.888	95.2112	192.138	9.97389	4.78877	0.092677	299.907
154	4.32373e-07	97.8988	95.2343	192.128	9.97363	4.76572	0.0931289	299.907
155	4.30287e-07	97.9096	95.2572	192.117	9.97336	4.74278	0.093583	299.906
156	4.28211e-07	97.9204	95.2801	192.107	9.9731	4.71995	0.0940394	299.906
157	4.26145e-07	97.9312	95.3028	192.096	9.97284	4.69722	0.094498	299.906
158	4.24089e-07	97.942	95.3254	192.085	9.97258	4.67461	0.0949589	299.905
159	4.22043e-07	97.9527	95.3479	192.075	9.97231	4.65211	0.095422	299.905
160	4.20007e-07	97.9635	95.3703	192.064	9.97205	4.62971	0.0958875	299.904
161	4.1798e-07	97.9743	95.3926	192.054	9.97179	4.60742	0.0963552	299.904
162	4.15963e-07	97.9851	95.4148	192.043	9.97153	4.58524	0.0968253	299.903
163	4.13956e-07	97.9959	95.4368	192.033	9.97127	4.56316	0.0972976	299.903
164	4.11959e-07	98.0067	95.4588	192.022	9.971	4.54119	0.0977723	299.902
165	4.09971e-07	98.0175	95.4807	192.012	9.97074	4.51932	0.0982494	299.902
166	4.07993e-07	98.0283	95.5024	192.001	9.97048	4.49756	0.0987288	299.901
167	4.06024e-07	98.039	95.5241	191.991	9.97022	4.4759	0.0992105	299.901
168	4.04065e-07	98.0498	95.5456	191.98	9.96996	4.45435	0.0996947	299.9
169	4.02115e-07	98.0606	95.5671	191.97	9.96969	4.4329	0.100181	299.9
170	4.00174e-07	98.0714	95.5884	191.959	9.96943	4.41155	0.10067	299.899
171	3.98243e-07	98.0822	95.6097	191.949	9.96917	4.39031	0.101162	299.899
172	3.96321e-07	98.093	95.6308	191.938	9.96891	4.36917	0.101655	299.898
173	3.94409e-07	98.1038	95.6519	191.928	9.96865	4.34812	0.102152	299.898
174	3.92505e-07	98.1146	95.6728	191.917	9.96838	4.32718	0.10265	299.897
175	3.90611e-07	98.1253	95.6937	191.907	9.96812	4.30634	0.103152	299.897
176	3.88726e-07	98.1361	95.7144	191.896	9.96786	4.2856	0.103655	299.896
177	3.8685e-07	98.1469	95.735	191.885	9.9676	4.26496	0.104162	299.896
178	3.84983e-07	98.1577	95.7556	191.875	9.96733	4.24442	0.10467	299.895
179	3.83125e-07	98.1685	95.776	191.864	9.96707	4.22397	0.105181	299.895
180	3.81276e-07	98.1793	95.7964	191.854	9.96681	4.20363	0.105695	299.894
181	3.79436e-07	98.1901	95.8166	191.843	9.96655	4.18338	0.106211	299.894
182	3.77604e-07	98.2009	95.8368	191.833	9.96629	4.16323	0.10673	299.893
183	3.75782e-07	98.2117	95.8568	191.822	9.96602	4.14317	0.107252	299.893
184	3.73968e-07	98.2225	95.8768	191.812	9.96576	4.12322	0.107776	299.892
185	3.72163e-07	98.2332	95.8966	191.801	9.9655	4.10335	0.108302	299.892
186	3.70367e-07	98.244	95.9164	191.791	9.96524	4.08358	0.108831	299.891
187	3.68579e-07	98.2548	95.9361	191.78	9.96498	4.06391	0.109363	299.891
188	3.668e-07	98.2656	95.9557	191.77	9.96471	4.04433	0.109898	299.89
189	3.65029e-07	98.2764	95.9752	191.759	9.96445	4.02485	0.110435	299.89
190	3.63267e-07	98.2872	95.9945	191.749	9.96419	4.00546	0.110974	299.889
191	3.61514e-07	98.298	96.0138	191.738	9.96393	3.98616	0.111517	299.888
192	3.59769e-07	98.3088	96.033	191.728	9.96367	3.96695	0.112062	299.888
193	3.58032e-07	98.3196	96.0522	191.717	9.9634	3.94784	0.11261	299.887
194	3.56304e-07	98.3303	96.0712	191.707	9.96314	3.92882	0.11316	299.887
195	3.54584e-07	98.3411	96.0901	191.696	9.96288	3.90989	0.113714	299.886
196	3.52872e-07	98.3519	96.109	191.685	9.96262	3.89105	0.11427	299.886
197	3.51168e-07	98.3627	96.1277	191.675	9.96235	3.8723	0.114828	299.885
198	3.49473e-07	98.3735	96.1464	191.664	9.96209	3.85364	0.11539	299.885
199	3.47786e-07	98.3843	96.1649	191.654	9.96183	3.83507	0.115954	299.884
200	3.46107e-07	98.3951	96.1834	191.643	9.96157	3.81659	0.116521	299.883
201	3.44436e-07	98.4059	96.2018	191.633	9.96131	3.7982	0.117091	299.883
202	3.42773e-07	98.4167	96.2201	191.622	9.96104	3.77989	0.117664	299.882
203	3.41118e-07	98.4274	96.2383	191.612	9.96078	3.76168	0.11824	299.882
204	3.39471e-07	98.4382	96.2565	191.601	9.96052	3.74355	0.118818	299.881
205	3.37832e-07	98.449	96.2745	191.591	9.96026	3.72551	0.119399	299.881
206	3.36201e-07	98.4598	96.2924	191.58	9.96	3.70755	0.119984	299.88
207	3.34578e-07	98.4706	96.3103	191.57	9.95973	3.68968	0.120571	299.879
208	3.32963e-07	98.4814	96.3281	191.559	9.95947	3.6719	0.121161	299.879
209	3.31355e-07	98.4922	96.3458	191.549	9.95921	3.6542	0.121754	299.878
210	3.29755e-07	98.503	96.3634	191.538	9.95895	3.63659	0.12235	299.878
211	3.28163e-07	98.5138	96.3809	191.528	9.95869	3.61906	0.122949	299.877
212	3.26579e-07	98.5245	96.3984	191.517	9.95842	3.60162	0.12355	299.876
213	3.25002e-07	98.5353	96.4157	191.507	9.95816	3.58426	0.124155	299.876
214	3.23432e-07	98.5461	96.433	191.496	9.9579	3.56698	0.124763	299.875
215	3.21871e-07	98.5569	96.4502	191.485	9.95764	3.54979	0.125374	299.875
216	3.20316e-07	98.5677	96.4673	191.475	9.95737	3.53267	0.125988	299.874
217	3.1877e-07	98.5785	96.4844	191.464	9.95711	3.51565	0.126605	299.873
218	3.17231e-07	98.5893	96.5013	191.454	9.95685	3.4987	0.127225	299.873
219	3.15699e-07	98.6001	96.5182	191.443	9.95659	3.48183	0.127848	299.872
220	3.14174e-07	98.6109	96.535	191.433	9.95633	3.46505	0.128474	299.872
221	3.12657e-07	98.6216	96.5517	191.422	9.95606	3.44834	0.129103	299.871
222	3.11147e-07	98.6324	96.5683	191.412	9.9558	3.43172	0.129736	299.87
223	3.09645e-07	98.6432	96.5848	191.401	9.95554	3.41517	0.130371	299.87
224	3.08149e-07	98.654	96.6013	191.391	9.95528	3.39871	0.13101	299.869
225	3.06661e-07	98.6648	96.6177	191.38	9.95502	3.38232	0.131652	299.868
226	3.0518e-07	98.6756	96.634	191.37	9.95475	3.36601	0.132297	299.868
227	3.03706e-07	98.6864	96.6502	191.359	9.95449	3.34978	0.132945	299.867
228	3.0224e-07	98.6972	96.6664	191.349	9.95423	3.33363	0.133597	299.866
229	3.0078e-07	98.708	96.6824	191.338	9.95397	3.31756	0.134252	299.866
230	2.99327e-07	98.7187	96.6984	191.328	9.95371	3.30156	0.13491	299.865
231	2.97882e-07	98.7295	96.7144	191.317	9.95344	3.28564	0.135571	299.864
232	2.96443e-07	98.7403	96.7302	191.307	9.95318	3.2698	0.136235	299.864
233	2.95011e-07	98.7511	96.746	191.296	9.95292	3.25403	0.136903	299.863
234	2.93587e-07	98.7619	96.7617	191.285	9.95266	3.23834	0.137575	299.862
235	2.92169e-07	98.7727	96.7773	191.275	9.95239	3.22272	0.138249	299.862
236	2.90758e-07	98.7835	96.7928	191.264	9.95213	3.20718	0.138927	299.861
237	2.89353e-07	98.7943	96.8083	191.254	9.95187	3.19172	0.139608	299.86
238	2.87956e-07	98.805	96.8237	191.243	9.95161	3.17632	0.140293	299.86
239	2.86565e-07	98.8158	96.839	191.233	9.95135	3.16101	0.140981	299.859
240	2.85181e-07	98.8266	96.8542	191.222	9.95108	3.14576	0.141673	299.858
241	2.83803e-07	98.8374	96.8694	191.212	9.95082	3.13059	0.142368	299.858
242	2.82432e-07	98.8482	96.8845	191.201	9.95056	3.11549	0.143066	299.857
243	2.81068e-07	98.859	96.8995	191.191	9.9503	3.10047	0.143768	299.856
244	2.7971e-07	98.8698	96.9145	191.18	9.95004	3.08551	0.144474	299.856
245	2.78359e-07	98.8805	96.9294	191.17	9.94977	3.07063	0.145183	299.855
246	2.77015e-07	98.8913	96.9442	191.159	9.94951	3.05582	0.145895	299.854
247	2.75677e-07	98.9021	96.9589	191.149	9.94925	3.04108	0.146611	299.853
248	2.74345e-07	98.9129	96.9736	191.138	9.94899	3.02641	0.147331	299.853
249	2.7302e-07	98.9237	96.9882	191.128	9.94873	3.01182	0.148054	299.852
250	2.71701e-07	98.9345	97.0027	191.117	9.94846	2.99729	0.148781	299.851
251	2.70389e-07	98.9453	97.0172	191.107	9.9482	2.98283	0.149511	299.85
252	2.69082e-07	98.956	97.0316	191.096	9.94794	2.96844	0.150245	299.85
253	2.67782e-07	98.9668	97.0459	191.085	9.94768	2.95412	0.150983	299.849
254	2.66489e-07	98.9776	97.0601	191.075	9.94741	2.93987	0.151725	299.848
255	2.65202e-07	98.9884	97.0743	191.064	9.94715	2.92569	0.15247	299.848
256	2.6392e-07	98.9992	97.0884	191.054	9.94689	2.91158	0.153219	299.847
257	2.62645e-07	99.01	97.1025	191.043	9.94663	2.89753	0.153971	299.846
258	2.61377e-07	99.0208	97.1164	191.033	9.94637	2.88355	0.154727	299.845
259	2.60114e-07	99.0315	97.1304	191.022	9.9461	2.86964	0.155488	299.845
260	2.58857e-07	99.0423	97.1442	191.012	9.94584	2.8558	0.156251	299.844
261	2.57607e-07	99.0531	97.158	191.001	9.94558	2.84202	0.157019	299.843
262	2.56362e-07	99.0639	97.1717	190.991	9.94532	2.82831	0.157791	299.842
263	2.55124e-07	99.0747	97.1853	190.98	9.94506	2.81467	0.158566	299.841
264	2.53891e-07	99.0855	97.1989	190.97	9.94479	2.80109	0.159345	299.841
265	2.52664e-07	99.0962	97.2124	190.959	9.94453	2.78757	0.160129	299.84
266	2.51444e-07	99.107	97.2259	190.949	9.94427	2.77412	0.160916	299.839
267	2.50229e-07	99.1178	97.2393	190.938	9.94401	2.76074	0.161707	299.838
268	2.4902e-07	99.1286	97.2526	190.928	9.94375	2.74742	0.162502	299.837
269	2.47817e-07	99.1394	97.2658	190.917	9.94348	2.73416	0.163301	299.837
270	2.46619e-07	99.1502	97.279	190.907	9.94322	2.72097	0.164104	299.836
271	2.45428e-07	99.1609	97.2922	190.896	9.94296	2.70784	0.164911	299.835
272	2.44242e-07	99.1717	97.3052	190.886	9.9427	2.69478	0.165722	299.834
273	2.43062e-07	99.1825	97.3182	190.875	9.94243	2.68177	0.166537	299.833
274	2.41888e-07	99.1933	97.3312	190.865	9.94217	2.66883	0.167356	299.833
275	2.40719e-07	99.2041	97.344	190.854	9.94191	2.65595	0.168179	299.832
276	2.39556e-07	99.2148	97.3569	190.844	9.94165	2.64314	0.169006	299.831
277	2.38398e-07	99.2256	97.3696	190.833	9.94139	2.63038	0.169838	299.83
278	2.37246e-07	99.2364	97.3823	190.822	9.94112	2.61769	0.170673	299.829
279	2.361e-07	99.2472	97.3949	190.812	9.94086	2.60506	0.171513	299.828
280	2.34959e-07	99.258	97.4075	190.801	9.9406	2.59249	0.172357	299.828
281	2.33824e-07	99.2688	97.42	190.791	9.94034	2.57998	0.173206	299.827
282	2.32694e-07	99.2795	97.4325	190.78	9.94008	2.56753	0.174058	299.826
283	2.3157e-07	99.2903	97.4449	190.77	9.93981	2.55514	0.174915	299.825
284	2.30451e-07	99.3011	97.4572	190.759	9.93955	2.5428	0.175776	299.824
285	2.29337e-07	99.3119	97.4695	190.749	9.93929	2.53053	0.176641	299.823
286	2.28229e-07	99.3227	97.4817	190.738	9.93903	2.51832	0.177511	299.822
287	2.27126e-07	99.3334	97.4938	190.728	9.93877	2.50617	0.178385	299.822
288	2.26028e-07	99.3442	97.5059	190.717	9.9385	2.49407	0.179264	299.821
289	2.24936e-07	99.355	97.518	190.707	9.93824	2.48203	0.180147	299.82
290	2.23849e-07	99.3658	97.5299	190.696	9.93798	2.47005	0.181034	299.819
291	2.22768e-07	99.3765	97.5419	190.686	9.93772	2.45813	0.181926	299.818
292	2.21691e-07	99.3873	97.5537	190.675	9.93745	2.44627	0.182822	299.817
293	2.2062e-07	99.3981	97.5655	190.665	9.93719	2.43446	0.183723	299.816
294	2.19554e-07	99.4089	97.5773	190.654	9.93693	2.42271	0.184628	299.815
295	2.18493e-07	99.4197	97.589	190.644	9.93667	2.41102	0.185538	299.814
296	2.17437e-07	99.4304	97.6006	190.633	9.93641	2.39938	0.186452	299.814
297	2.16386e-07	99.4412	97.6122	190.623	9.93614	2.3878	0.187371	299.813
298	2.1534e-07	99.452	97.6237	190.612	9.93588	2.37627	0.188294	299.812
299	2.14299e-07	99.4628	97.6352	190.602	9.93562	2.3648	0.189223	299.811
300	2.13264e-07	99.4735	97.6466	190.591	9.93536	2.35339	0.190155	299.81
301	2.12233e-07	99.4843	97.658	190.581	9.9351	2.34203	0.191093	299.809
302	2.11207e-07	99.4951	97.6693	190.57	9.93483	2.33072	0.192035	299.808
303	2.10187e-07	99.5059	97.6805	190.56	9.93457	2.31947	0.192982	299.807
304	2.09171e-07	99.5166	97.6917	190.549	9.93431	2.30827	0.193934	299.806
305	2.0816e-07	99.5274	97.7029	190.539	9.93405	2.29713	0.194891	299.805
306	2.07154e-07	99.5382	97.714	190.528	9.93379	2.28604	0.195852	299.804
307	2.06153e-07	99.549	97.725	190.518	9.93352	2.27501	0.196818	299.803
308	2.05156e-07	99.5597	97.736	190.507	9.93326	2.26402	0.197789	299.802
309	2.04165e-07	99.5705	97.7469	190.496	9.933	2.25309	0.198765	299.801
310	2.03178e-07	99.5813	97.7578	190.486	9.93274	2.24222	0.199746	299.8
311	2.02196e-07	99.5921	97.7686	190.475	9.93247	2.23139	0.200732	299.799
312	2.01218e-07	99.6028	97.7794	190.465	9.93221	2.22062	0.201722	299.798
313	2.00246e-07	99.6136	97.7901	190.454	9.93195	2.2099	0.202718	299.797
314	1.99278e-07	99.6244	97.8008	190.444	9.93169	2.19923	0.203719	299.796
315	1.98315e-07	99.6352	97.8114	190.433	9.93143	2.18861	0.204725	299.795
316	1.97356e-07	99.6459	97.822	190.423	9.93116	2.17804	0.205735	299.794
317	1.96402e-07	99.6567	97.8325	190.412	9.9309	2.16753	0.206751	299.793
318	1.95453e-07	99.6675	97.8429	190.402	9.93064	2.15706	0.207772	299.792
319	1.94508e-07	99.6782	97.8534	190.391	9.93038	2.14665	0.208799	299.791
320	1.93568e-07	99.689	97.8637	190.381	9.93012	2.13628	0.20983	299.79
321	1.92632e-07	99.6998	97.874	190.37	9.92985	2.12597	0.210867	299.789
322	1.91701e-07	99.7106	97.8843	190.36	9.92959	2.1157	0.211908	299.788
323	1.90775e-07	99.7213	97.8945	190.349	9.92933	2.10549	0.212955	299.787
324	1.89852e-07	99.7321	97.9047	190.339	9.92907	2.09532	0.214008	299.786
325	1.88935e-07	99.7429	97.9148	190.328	9.92881	2.0852	0.215065	299.785
326	1.88021e-07	99.7536	97.9249	190.318	9.92854	2.07513	0.216128	299.784
327	1.87113e-07	99.7644	97.9349	190.307	9.92828	2.06511	0.217197	299.783
328	1.86208e-07	99.7752	97.9449	190.297	9.92802	2.05514	0.21827	299.782
329	1.85308e-07	99.7859	97.9548	190.286	9.92776	2.04522	0.219349	299.781
330	1.84412e-07	99.7967	97.9647	190.276	9.92749	2.03534	0.220434	299.78
331	1.83521e-07	99.8075	97.9745	190.265	9.92723	2.02551	0.221524	299.778
332	1.82633e-07	99.8183	97.9843	190.255	9.92697	2.01573	0.222619	299.777
333	1.81751e-07	99.829	97.994	190.244	9.92671	2.006	0.223721	299.776
334	1.80872e-07	99.8398	98.0037	190.234	9.92645	1.99631	0.224827	299.775
335	1.79998e-07	99.8506	98.0133	190.223	9.92618	1.98667	0.225939	299.774
336	1.79127e-07	99.8613	98.0229	190.213	9.92592	1.97708	0.227057	299.773
337	1.78262e-07	99.8721	98.0325	190.202	9.92566	1.96753	0.228181	299.772
338	1.774e-07	99.8829	98.042	190.192	9.9254	1.95803	0.22931	299.771
339	1.76542e-07	99.8936	98.0514	190.181	9.92514	1.94857	0.230445	299.77
340	1.75689e-07	99.9044	98.0608	190.171	9.92487	1.93916	0.231585	299.768
341	1.74839e-07	99.9152	98.0702	190.16	9.92461	1.9298	0.232732	299.767
342	1.73994e-07	99.9259	98.0795	190.15	9.92435	1.92048	0.233884	299.766
343	1.73153e-07	99.9367	98.0888	190.139	9.92409	1.9112	0.235042	299.765
344	1.72316e-07	99.9475	98.098	190.129	9.92383	1.90197	0.236206	299.764
345	1.71483e-07	99.9582	98.1072	190.118	9.92356	1.89278	0.237376	299.763
346	1.70654e-07	99.969	98.1164	190.108	9.9233	1.88364	0.238551	299.761
347	1.69829e-07	99.9797	98.1255	190.097	9.92304	1.87455	0.239733	299.76
348	1.69008e-07	99.9905	98.1345	190.087	9.92278	1.86549	0.240921	299.759
349	1.6819e-07	100.001	98.1435	190.076	9.92251	1.85648	0.242114	299.758
350	1.67377e-07	100.012	98.1525	190.066	9.92225	1.84752	0.243314	299.757
351	1.66568e-07	100.023	98.1614	190.055	9.92199	1.83859	0.24452	299.755
352	1.65763e-07	100.034	98.1703	190.045	9.92173	1.82971	0.245732	299.754
353	1.64961e-07	100.044	98.1791	190.034	9.92147	1.82087	0.24695	299.753
354	1.64164e-07	100.055	98.1879	190.024	9.9212	1.81208	0.248174	299.752
355	1.6337e-07	100.066	98.1967	190.013	9.92094	1.80333	0.249404	299.751
356	1.6258e-07	100.077	98.2054	190.003	9.92068	1.79462	0.250641	299.749
357	1.61794e-07	100.087	98.2141	189.992	9.92042	1.78595	0.251884	299.748
358	1.61012e-07	100.098	98.2227	189.982	9.92016	1.77732	0.253133	299.747
359	1.60233e-07	100.109	98.2313	189.971	9.91989	1.76874	0.254389	299.746
360	1.59459e-07	100.12	98.2398	189.961	9.91963	1.76019	0.255651	299.744
361	1.58688e-07	100.13	98.2483	189.95	9.91937	1.75169	0.256919	299.743
362	1.5792e-07	100.141	98.2568	189.94	9.91911	1.74323	0.258194	299.742
363	1.57157e-07	100.152	98.2652	189.929	9.91885	1.73481	0.259475	299.741
364	1.56397e-07	100.163	98.2736	189.919	9.91858	1.72643	0.260763	299.739
365	1.55641e-07	100.173	98.2819	189.908	9.91832	1.71809	0.262057	299.738
366	1.54888e-07	100.184	98.2902	189.898	9.91806	1.70979	0.263358	299.737
367	1.54139e-07	100.195	98.2985	189.887	9.9178	1.70153	0.264665	299.735
368	1.53394e-07	100.206	98.3067	189.877	9.91753	1.69331	0.26598	299.734
369	1.52652e-07	100.216	98.3149	189.866	9.91727	1.68513	0.2673	299.733
370	1.51914e-07	100.227	98.323	189.856	9.91701	1.67699	0.268628	299.731
371	1.51179e-07	100.238	98.3311	189.845	9.91675	1.66889	0.269962	299.73
372	1.50448e-07	100.249	98.3392	189.835	9.91649	1.66082	0.271303	299.729
373	1.49721e-07	100.259	98.3472	189.824	9.91622	1.6528	0.272651	299.727
374	1.48997e-07	100.27	98.3552	189.814	9.91596	1.64482	0.274006	299.726
375	1.48276e-07	100.281	98.3631	189.803	9.9157	1.63687	0.275368	299.725
376	1.47559e-07	100.292	98.371	189.793	9.91544	1.62896	0.276737	299.723
377	1.46846e-07	100.303	98.3789	189.782	9.91518	1.62109	0.278112	299.722
378	1.46136e-07	100.313	98.3867	189.772	9.91491	1.61326	0.279495	299.721
379	1.45429e-07	100.324	98.3945	189.761	9.91465	1.60547	0.280885	299.719
380	1.44726e-07	100.335	98.4023	189.751	9.91439	1.59771	0.282281	299.718
381	1.44026e-07	100.346	98.41	189.74	9.91413	1.58999	0.283685	299.716
382	1.4333e-07	100.356	98.4177	189.73	9.91386	1.58231	0.285096	299.715
383	1.42636e-07	100.367	98.4253	189.719	9.9136	1.57466	0.286515	299.713
384	1.41947e-07	100.378	98.4329	189.709	9.91334	1.56706	0.28794	299.712
385	1.4126e-07	100.389	98.4405	189.698	9.91308	1.55948	0.289373	299.711
386	1.40577e-07	100.399	98.4481	189.688	9.91282	1.55195	0.290813	299.709
387	1.39897e-07	100.41	98.4555	189.677	9.91255	1.54445	0.29226	299.708
388	1.39221e-07	100.421	98.463	189.667	9.91229	1.53699	0.293715	299.706
389	1.38547e-07	100.432	98.4704	189.656	9.91203	1.52956	0.295177	299.705
390	1.37877e-07	100.442	98.4778	189.646	9.91177	1.52217	0.296647	299.703
391	1.37211e-07	100.453	98.4852	189.635	9.91151	1.51482	0.298124	299.702
392	1.36547e-07	100.464	98.4925	189.625	9.91124	1.5075	0.299609	299.7
393	1.35887e-07	100.475	98.4998	189.614	9.91098	1.50021	0.301102	299.699
394	1.3523e-07	100.485	98.507	189.604	9.91072	1.49296	0.302602	299.697
395	1.34576e-07	100.496	98.5142	189.594	9.91046	1.48575	0.304109	299.696
396	1.33925e-07	100.507	98.5214	189.583	9.9102	1.47857	0.305625	299.694
397	1.33277e-07	100.518	98.5286	189.573	9.90993	1.47143	0.307148	299.693
398	1.32633e-07	100.528	98.5357	189.562	9.90967	1.46432	0.308679	299.691
399	1.31991e-07	100.539	98.5428	189.552	9.90941	1.45724	0.310218	299.69
400	1.31353e-07	100.55	98.5498	189.541	9.90915	1.4502	0.311764	299.688
401	1.30717e-07	100.561	98.5568	189.531	9.90888	1.44319	0.313319	299.687
402	1.30085e-07	100.571	98.5638	189.52	9.90862	1.43622	0.314882	299.685
403	1.29456e-07	100.582	98.5707	189.51	9.90836	1.42928	0.316452	299.684
404	1.2883e-07	100.593	98.5776	189.499	9.9081	1.42237	0.318031	299.682
405	1.28207e-07	100.603	98.5845	189.489	9.90784	1.4155	0.319618	299.68
406	1.27587e-07	100.614	98.5913	189.478	9.90757	1.40866	0.321213	299.679
407	1.2697e-07	100.625	98.5981	189.468	9.90731	1.40185	0.322816	299.677
408	1.26356e-07	100.636	98.6049	189.457	9.90705	1.39508	0.324427	299.676
409	1.25745e-07	100.646	98.6117	189.447	9.90679	1.38833	0.326047	299.674
410	1.25136e-07	100.657	98.6184	189.436	9.90653	1.38163	0.327674	299.672
411	1.24531e-07	100.668	98.6251	189.426	9.90626	1.37495	0.329311	299.671
412	1.23929e-07	100.679	98.6317	189.415	9.906	1.3683	0.330955	299.669
413	1.23329e-07	100.689	98.6383	189.405	9.90574	1.36169	0.332609	299.667
414	1.22733e-07	100.7	98.6449	189.394	9.90548	1.35511	0.33427	299.666
415	1.22139e-07	100.711	98.6514	189.384	9.90522	1.34856	0.33594	299.664
416	1.21549e-07	100.722	98.658	189.373	9.90495	1.34204	0.337619	299.662
417	1.20961e-07	100.732	98.6644	189.363	9.90469	1.33556	0.339307	299.661
418	1.20376e-07	100.743	98.6709	189.352	9.90443	1.3291	0.341003	299.659
419	1.19793e-07	100.754	98.6773	189.342	9.90417	1.32268	0.342708	299.657
420	1.19214e-07	100.765	98.6837	189.331	9.9039	1.31629	0.344421	299.656
421	1.18637e-07	100.775	98.6901	189.321	9.90364	1.30993	0.346144	299.654
422	1.18063e-07	100.786	98.6964	189.311	9.90338	1.3036	0.347875	299.652
423	1.17492e-07	100.797	98.7027	189.3	9.90312	1.2973	0.349615	299.65
424	1.16924e-07	100.808	98.709	189.29	9.90286	1.29103	0.351364	299.649
425	1.16359e-07	100.818	98.7152	189.279	9.90259	1.28479	0.353123	299.647
426	1.15796e-07	100.829	98.7214	189.269	9.90233	1.27858	0.35489	299.645
427	1.15236e-07	100.84	98.7276	189.258	9.90207	1.2724	0.356666	299.643
428	1.14678e-07	100.851	98.7338	189.248	9.90181	1.26625	0.358452	299.642
429	1.14124e-07	100.861	98.7399	189.237	9.90155	1.26013	0.360247	299.64
430	1.13571e-07	100.872	98.746	189.227	9.90128	1.25404	0.362051	299.638
431	1.13022e-07	100.883	98.752	189.216	9.90102	1.24798	0.363864	299.636
432	1.12475e-07	100.893	98.7581	189.206	9.90076	1.24194	0.365687	299.634
433	1.11931e-07	100.904	98.7641	189.195	9.9005	1.23594	0.367519	299.632
434	1.1139e-07	100.915	98.77	189.185	9.90024	1.22997	0.369361	299.631
435	1.10851e-07	100.926	98.776	189.174	9.89997	1.22402	0.371212	299.629
436	1.10315e-07	100.936	98.7819	189.164	9.89971	1.21811	0.373073	299.627
437	1.09781e-07	100.947	98.7878	189.153	9.89945	1.21222	0.374943	299.625
438	1.0925e-07	100.958	98.7936	189.143	9.89919	1.20636	0.376823	299.623
439	1.08722e-07	100.969	98.7995	189.133	9.89892	1.20053	0.378713	299.621
440	1.08196e-07	100.979	98.8053	189.122	9.89866	1.19473	0.380613	299.619
441	1.07672e-07	100.99	98.811	189.112	9.8984	1.18895	0.382522	299.617
442	1.07152e-07	101.001	98.8168	189.101	9.89814	1.1832	0.384442	299.616
443	1.06633e-07	101.011	98.8225	189.091	9.89788	1.17748	0.386371	299.614
444	1.06117e-07	101.022	98.8282	189.08	9.89761	1.17179	0.38831	299.612
445	1.05604e-07	101.033	98.8339	189.07	9.89735	1.16613	0.39026	299.61
446	1.05093e-07	101.044	98.8395	189.059	9.89709	1.16049	0.392219	299.608
447	1.04585e-07	101.054	98.8451	189.049	9.89683	1.15488	0.394189	299.606
448	1.04079e-07	101.065	98.8507	189.038	9.89657	1.1493	0.396169	299.604
449	1.03575e-07	101.076	98.8563	189.028	9.8963	1.14374	0.398159	299.602
450	1.03074e-07	101.087	98.8618	189.017	9.89604	1.13822	0.400159	299.6
451	1.02576e-07	101.097	98.8673	189.007	9.89578	1.13271	0.40217	299.598
452	1.02079e-07	101.108	98.8728	188.996	9.89552	1.12724	0.404192	299.596
453	1.01586e-07	101.119	98.8782	188.986	9.89525	1.12179	0.406224	299.594
454	1.01094e-07	101.129	98.8836	188.976	9.89499	1.11637	0.408266	299.592
455	1.00605e-07	101.14	98.889	188.965	9.89473	1.11097	0.410319	299.59
456	1.00118e-07	101.151	98.8944	188.955	9.89447	1.1056	0.412383	299.588
457	9.9634e-08	101.162	98.8997	188.944	9.89421	1.10025	0.414458	299.586
458	9.9152e-08	101.172	98.9051	188.934	9.89394	1.09494	0.416543	299.583
459	9.86723e-08	101.183	98.9104	188.923	9.89368	1.08964	0.418639	299.581
460	9.81949e-08	101.194	98.9156	188.913	9.89342	1.08438	0.420746	299.579
461	9.77199e-08	101.205	98.9209	188.902	9.89316	1.07913	0.422864	299.577
462	9.72471e-08	101.215	98.9261	188.892	9.8929	1.07392	0.424994	299.575
463	9.67767e-08	101.226	98.9313	188.881	9.89263	1.06872	0.427134	299.573
464	9.63085e-08	101.237	98.9364	188.871	9.89237	1.06356	0.429285	299.571
465	9.58425e-08	101.247	98.9416	188.86	9.89211	1.05842	0.431448	299.569
466	9.53788e-08	101.258	98.9467	188.85	9.89185	1.0533	0.433622	299.566
467	9.49174e-08	101.269	98.9518	188.84	9.89159	1.04821	0.435807	299.564
468	9.44582e-08	101.28	98.9569	188.829	9.89132	1.04314	0.438004	299.562
469	9.40012e-08	101.29	98.9619	188.819	9.89106	1.0381	0.440212	299.56
470	9.35464e-08	101.301	98.9669	188.808	9.8908	1.03308	0.442432	299.558
471	9.30938e-08	101.312	98.9719	188.798	9.89054	1.02808	0.444664	299.555
472	9.26434e-08	101.322	98.9769	188.787	9.89027	1.02311	0.446907	299.553
473	9.21952e-08	101.333	98.9818	188.777	9.89001	1.01817	0.449162	299.551
474	9.17491e-08	101.344	98.9868	188.766	9.88975	1.01325	0.451428	299.549
475	9.13052e-08	101.355	98.9917	188.756	9.88949	1.00835	0.453707	299.546
476	9.08635e-08	101.365	98.9965	188.745	9.88923	1.00347	0.455997	299.544
477	9.04238e-08	101.376	99.0014	188.735	9.88896	0.99862	0.4583	299.542
478	8.99863e-08	101.387	99.0062	188.725	9.8887	0.993792	0.460614	299.539
479	8.9551e-08	101.397	99.011	188.714	9.88844	0.988987	0.462941	299.537
480	8.91177e-08	101.408	99.0158	188.704	9.88818	0.984206	0.46528	299.535
481	8.86865e-08	101.419	99.0206	188.693	9.88792	0.979447	0.467631	299.532
482	8.82574e-08	101.43	99.0253	188.683	9.88765	0.974712	0.469995	299.53
483	8.78304e-08	101.44	99.03	188.672	9.88739	0.969999	0.472371	299.528
484	8.74054e-08	101.451	99.0347	188.662	9.88713	0.96531	0.474759	299.525
485	8.69825e-08	101.462	99.0394	188.651	9.88687	0.960643	0.47716	299.523
486	8.65616e-08	101.472	99.044	188.641	9.88661	0.955998	0.479574	299.52
487	8.61428e-08	101.483	99.0486	188.63	9.88634	0.951376	0.482	299.518
488	8.5726e-08	101.494	99.0532	188.62	9.88608	0.946776	0.484439	299.516
489	8.53112e-08	101.505	99.0578	188.61	9.88582	0.942198	0.486891	299.513
490	8.48985e-08	101.515	99.0624	188.599	9.88556	0.937643	0.489356	299.511
491	8.44877e-08	101.526	99.0669	188.589	9.88529	0.933109	0.491834	299.508
492	8.40789e-08	101.537	99.0714	188.578	9.88503	0.928598	0.494325	299.506
493	8.3672e-08	101.547	99.0759	188.568	9.88477	0.924108	0.496829	299.503
494	8.32672e-08	101.558	99.0804	188.557	9.88451	0.91964	0.499346	299.501
495	8.28643e-08	101.569	99.0848	188.547	9.88425	0.915193	0.501877	299.498
496	8.24633e-08	101.58	99.0892	188.536	9.88398	0.910768	0.504421	299.496
497	8.20643e-08	101.59	99.0936	188.526	9.88372	0.906365	0.506979	299.493
498	8.16672e-08	101.601	99.098	188.516	9.88346	0.901982	0.50955	299.49
499	8.12721e-08	101.612	99.1024	188.505	9.8832	0.897621	0.512134	299.488
500	8.08788e-08	101.622	99.1067	188.495	9.88294	0.893281	0.514732	299.485
501	8.04874e-08	101.633	99.111	188.484	9.88267	0.888961	0.517344	299.483
502	8.0098e-08	101.644	99.1153	188.474	9.88241	0.884663	0.51997	299.48
503	7.97104e-08	101.655	99.1196	188.463	9.88215	0.880385	0.52261	299.477
504	7.93247e-08	101.665	99.1239	188.453	9.88189	0.876128	0.525264	299.475
505	7.89408e-08	101.676	99.1281	188.442	9.88162	0.871892	0.527931	299.472
506	7.85589e-08	101.687	99.1323	188.432	9.88136	0.867676	0.530613	299.469
507	7.81787e-08	101.697	99.1365	188.422	9.8811	0.863481	0.53331	299.467
508	7.78004e-08	101.708	99.1407	188.411	9.88084	0.859305	0.53602	299.464
509	7.74239e-08	101.719	99.1448	188.401	9.88058	0.85515	0.538745	299.461
510	7.70493e-08	101.729	99.149	188.39	9.88031	0.851015	0.541484	299.459
511	7.66764e-08	101.74	99.1531	188.38	9.88005	0.8469	0.544238	299.456
512	7.63054e-08	101.751	99.1572	188.369	9.87979	0.842805	0.547007	299.453
513	7.59361e-08	101.762	99.1613	188.359	9.87953	0.838729	0.54979	299.45
514	7.55687e-08	101.772	99.1653	188.349	9.87927	0.834674	0.552588	299.447
515	7.5203e-08	101.783	99.1694	188.338	9.879	0.830638	0.555402	299.445
516	7.48391e-08	101.794	99.1734	188.328	9.87874	0.826621	0.55823	299.442
517	7.44769e-08	101.804	99.1774	188.317	9.87848	0.822624	0.561073	299.439
518	7.41165e-08	101.815	99.1814	188.307	9.87822	0.818646	0.563931	299.436
519	7.37578e-08	101.826	99.1853	188.296	9.87796	0.814687	0.566804	299.433
520	7.34009e-08	101.836	99.1893	188.286	9.87769	0.810748	0.569693	299.43
521	7.30457e-08	101.847	99.1932	188.275	9.87743	0.806827	0.572597	299.427
522	7.26922e-08	101.858	99.1971	188.265	9.87717	0.802925	0.575517	299.424
523	7.23404e-08	101.868	99.201	188.255	9.87691	0.799043	0.578453	299.422
524	7.19904e-08	101.879	99.2048	188.244	9.87664	0.795179	0.581404	299.419
525	7.1642e-08	101.89	99.2087	188.234	9.87638	0.791333	0.58437	299.416
526	7.12953e-08	101.901	99.2125	188.223	9.87612	0.787506	0.587353	299.413
527	7.09502e-08	101.911	99.2163	188.213	9.87586	0.783698	0.590352	299.41
528	7.06069e-08	101.922	99.2201	188.202	9.8756	0.779908	0.593366	299.407
529	7.02652e-08	101.933	99.2239	188.192	9.87533	0.776137	0.596397	299.404
530	6.99251e-08	101.943	99.2276	188.182	9.87507	0.772383	0.599444	299.401
531	6.95867e-08	101.954	99.2314	188.171	9.87481	0.768648	0.602508	299.397
532	6.925e-08	101.965	99.2351	188.161	9.87455	0.764931	0.605587	299.394
533	6.89148e-08	101.975	99.2388	188.15	9.87429	0.761232	0.608684	299.391
534	6.85813e-08	101.986	99.2424	188.14	9.87402	0.757551	0.611797	299.388
535	6.82494e-08	101.997	99.2461	188.129	9.87376	0.753887	0.614926	299.385
536	6.79191e-08	102.007	99.2498	188.119	9.8735	0.750241	0.618073	299.382
537	6.75904e-08	102.018	99.2534	188.109	9.87324	0.746613	0.621236	299.379
538	6.72633e-08	102.029	99.257	188.098	9.87298	0.743002	0.624416	299.376
539	6.69377e-08	102.04	99.2606	188.088	9.87271	0.739409	0.627614	299.372
540	6.66138e-08	102.05	99.2642	188.077	9.87245	0.735833	0.630828	299.369
541	6.62914e-08	102.061	99.2677	188.067	9.87219	0.732275	0.63406	299.366
542	6.59706e-08	102.072	99.2713	188.056	9.87193	0.728733	0.63731	299.363
543	6.56513e-08	102.082	99.2748	188.046	9.87166	0.725209	0.640577	299.359
544	6.53335e-08	102.093	99.2783	188.036	9.8714	0.721702	0.643861	299.356
545	6.50173e-08	102.104	99.2818	188.025	9.87114	0.718211	0.647163	299.353
546	6.47027e-08	102.114	99.2853	188.015	9.87088	0.714738	0.650483	299.35
547	6.43895e-08	102.125	99.2887	188.004	9.87062	0.711281	0.653821	299.346
548	6.40779e-08	102.136	99.2922	187.994	9.87035	0.707841	0.657177	299.343
549	6.37677e-08	102.146	99.2956	187.984	9.87009	0.704418	0.660551	299.339
550	6.34591e-08	102.157	99.299	187.973	9.86983	0.701011	0.663944	299.336
551	6.3152e-08	102.168	99.3024	187.963	9.86957	0.697621	0.667357	299.333
552	6.28463e-08	102.178	99.3058	187.952	9.86931	0.694247	0.670786	299.329
553	6.25421e-08	102.189	99.3091	187.942	9.86904	0.690889	0.674235	299.326
554	6.22394e-08	102.2	99.3125	187.931	9.86878	0.687548	0.677701	299.322
555	6.19382e-08	102.21	99.3158	187.921	9.86852	0.684222	0.681187	299.319
556	6.16384e-08	102.221	99.3191	187.911	9.86826	0.680913	0.684692	299.315
557	6.13401e-08	102.232	99.3224	187.9	9.86799	0.67762	0.688215	299.312
558	6.10432e-08	102.243	99.3257	187.89	9.86773	0.674342	0.691758	299.308
559	6.07477e-08	102.253	99.3289	187.879	9.86747	0.671081	0.695321	299.305
560	6.04537e-08	102.264	99.3322	187.869	9.86721	0.667835	0.698902	299.301
561	6.0161e-08	102.275	99.3354	187.858	9.86695	0.664605	0.702503	299.297
562	5.98698e-08	102.285	99.3386	187.848	9.86668	0.66139	0.706124	299.294
563	5.958e-08	102.296	99.3418	187.838	9.86642	0.658192	0.709764	299.29
564	5.92917e-08	102.307	99.345	187.827	9.86616	0.655008	0.713424	299.287
565	5.90047e-08	102.317	99.3482	187.817	9.8659	0.65184	0.717104	299.283
566	5.87191e-08	102.328	99.3513	187.806	9.86564	0.648687	0.720804	299.279
567	5.84349e-08	102.339	99.3544	187.796	9.86537	0.64555	0.724525	299.275
568	5.8152e-08	102.349	99.3576	187.786	9.86511	0.642428	0.728266	299.272
569	5.78705e-08	102.36	99.3607	187.775	9.86485	0.639321	0.732027	299.268
570	5.75904e-08	102.371	99.3638	187.765	9.86459	0.636228	0.735808	299.264
571	5.73117e-08	102.381	99.3668	187.754	9.86433	0.633151	0.739611	299.26
572	5.70342e-08	102.392	99.3699	187.744	9.86406	0.630089	0.743434	299.257
573	5.67582e-08	102.403	99.373	187.734	9.8638	0.627041	0.747278	299.253
574	5.64834e-08	102.413	99.376	187.723	9.86354	0.624008	0.751144	299.249
575	5.621e-08	102.424	99.379	187.713	9.86328	0.62099	0.75503	299.245
576	5.5938e-08	102.435	99.382	187.702	9.86301	0.617987	0.758938	299.241
577	5.56672e-08	102.445	99.385	187.692	9.86275	0.614998	0.762867	299.237
578	5.53977e-08	102.456	99.388	187.682	9.86249	0.612023	0.766818	299.233
579	5.51296e-08	102.467	99.3909	187.671	9.86223	0.609063	0.770791	299.229
580	5.48627e-08	102.477	99.3939	187.661	9.86197	0.606117	0.774785	299.225
581	5.45971e-08	102.488	99.3968	187.65	9.8617	0.603185	0.778802	299.221
582	5.43328e-08	102.499	99.3997	187.64	9.86144	0.600268	0.782841	299.217
583	5.40698e-08	102.509	99.4026	187.629	9.86118	0.597364	0.786901	299.213
584	5.38081e-08	102.52	99.4055	187.619	9.86092	0.594475	0.790985	299.209
585	5.35476e-08	102.531	99.4084	187.609	9.86066	0.591599	0.79509	299.205
586	5.32884e-08	102.541	99.4113	187.598	9.86039	0.588738	0.799219	299.201
587	5.30305e-08	102.552	99.4141	187.588	9.86013	0.58589	0.80337	299.197
588	5.27738e-08	102.563	99.4169	187.577	9.85987	0.583056	0.807545	299.192
589	5.25183e-08	102.573	99.4198	187.567	9.85961	0.580236	0.811742	299.188
590	5.22641e-08	102.584	99.4226	187.557	9.85935	0.577429	0.815963	299.184
591	5.20111e-08	102.595	99.4254	187.546	9.85908	0.574636	0.820206	299.18
592	5.17593e-08	102.605	99.4281	187.536	9.85882	0.571857	0.824474	299.176
593	5.15087e-08	102.616	99.4309	187.525	9.85856	0.569091	0.828765	299.171
594	5.12594e-08	102.627	99.4337	187.515	9.8583	0.566338	0.83308	299.167
595	5.10112e-08	102.637	99.4364	187.505	9.85803	0.563598	0.837419	299.163
596	5.07643e-08	102.648	99.4391	187.494	9.85777	0.560872	0.841782	299.158
597	5.05185e-08	102.659	99.4418	187.484	9.85751	0.558159	0.84617	299.154
598	5.0274e-08	102.669	99.4445	187.473	9.85725	0.555459	0.850581	299.149
599	5.00306e-08	102.68	99.4472	187.463	9.85699	0.552773	0.855018	299.145
600	4.97884e-08	102.691	99.4499	187.453	9.85672	0.550099	0.859479	299.141
601	4.95473e-08	102.701	99.4526	187.442	9.85646	0.547438	0.863965	299.136
602	4.93075e-08	102.712	99.4552	187.432	9.8562	0.54479	0.868476	299.132
603	4.90688e-08	102.723	99.4578	187.421	9.85594	0.542154	0.873012	299.127
604	4.88312e-08	102.733	99.4605	187.411	9.85568	0.539532	0.877573	299.122
605	4.85948e-08	102.744	99.4631	187.401	9.85541	0.536922	0.88216	299.118
606	4.83596e-08	102.755	99.4657	187.39	9.85515	0.534325	0.886772	299.113
607	4.81254e-08	102.765	99.4683	187.38	9.85489	0.53174	0.891411	299.109
608	4.78924e-08	102.776	99.4708	187.37	9.85463	0.529168	0.896075	299.104
609	4.76606e-08	102.786	99.4734	187.359	9.85436	0.526608	0.900766	299.099
610	4.74298e-08	102.797	99.4759	187.349	9.8541	0.524061	0.905482	299.095
611	4.72002e-08	102.808	99.4785	187.338	9.85384	0.521526	0.910226	299.09
612	4.69717e-08	102.818	99.481	187.328	9.85358	0.519003	0.914996	299.085
613	4.67443e-08	102.829	99.4835	187.318	9.85332	0.516492	0.919792	299.08
614	4.6518e-08	102.84	99.486	187.307	9.85305	0.513994	0.924616	299.075
615	4.62928e-08	102.85	99.4885	187.297	9.85279	0.511507	0.929467	299.071
616	4.60686e-08	102.861	99.491	187.286	9.85253	0.509033	0.934345	299.066
617	4.58456e-08	102.872	99.4934	187.276	9.85227	0.506571	0.939251	299.061
618	4.56236e-08	102.882	99.4959	187.266	9.85201	0.50412	0.944184	299.056
619	4.54027e-08	102.893	99.4983	187.255	9.85174	0.501681	0.949146	299.051
620	4.51829e-08	102.904	99.5007	187.245	9.85148	0.499255	0.954135	299.046
621	4.49642e-08	102.914	99.5032	187.234	9.85122	0.496839	0.959152	299.041
622	4.47465e-08	102.925	99.5056	187.224	9.85096	0.494436	0.964198	299.036
623	4.45298e-08	102.936	99.508	187.214	9.8507	0.492044	0.969273	299.031
624	4.43142e-08	102.946	99.5103	187.203	9.85043	0.489664	0.974376	299.026
625	4.40997e-08	102.957	99.5127	187.193	9.85017	0.487295	0.979508	299.02
626	4.38861e-08	102.968	99.5151	187.183	9.84991	0.484938	0.984669	299.015
627	4.36737e-08	102.978	99.5174	187.172	9.84965	0.482592	0.989859	299.01
628	4.34622e-08	102.989	99.5197	187.162	9.84938	0.480257	0.995079	299.005
629	4.32518e-08	102.999	99.5221	187.151	9.84912	0.477934	1.00033	299.0
630	4.30423e-08	103.01	99.5244	187.141	9.84886	0.475622	1.00561	298.994
631	4.28339e-08	103.021	99.5267	187.131	9.8486	0.473321	1.01092	298.989
632	4.26265e-08	103.031	99.529	187.12	9.84834	0.471031	1.01626	298.984
633	4.24201e-08	103.042	99.5312	187.11	9.84807	0.468753	1.02163	298.978
634	4.22147e-08	103.053	99.5335	187.1	9.84781	0.466485	1.02703	298.973
635	4.20103e-08	103.063	99.5358	187.089	9.84755	0.464228	1.03246	298.968
636	4.18069e-08	103.074	99.538	187.079	9.84729	0.461983	1.03792	298.962
637	4.16045e-08	103.085	99.5403	187.068	9.84703	0.459748	1.04342	298.957
638	4.1403e-08	103.095	99.5425	187.058	9.84676	0.457524	1.04894	298.951
639	4.12026e-08	103.106	99.5447	187.048	9.8465	0.45531	1.0545	298.946
640	4.10031e-08	103.117	99.5469	187.037	9.84624	0.453108	1.06009	298.94
641	4.08045e-08	103.127	99.5491	187.027	9.84598	0.450916	1.06571	298.934
642	4.06069e-08	103.138	99.5513	187.016	9.84571	0.448734	1.07136	298.929
643	4.04103e-08	103.148	99.5534	187.006	9.84545	0.446563	1.07705	298.923
644	4.02146e-08	103.159	99.5556	186.996	9.84519	0.444403	1.08277	298.917
645	4.00199e-08	103.17	99.5577	186.985	9.84493	0.442253	1.08852	298.911
646	3.98261e-08	103.18	99.5599	186.975	9.84467	0.440113	1.0943	298.906
647	3.96333e-08	103.191	99.562	186.965	9.8444	0.437984	1.10012	298.9
648	3.94414e-08	103.202	99.5641	186.954	9.84414	0.435865	1.10597	298.894
649	3.92504e-08	103.212	99.5662	186.944	9.84388	0.433757	1.11186	298.888
650	3.90603e-08	103.223	99.5683	186.934	9.84362	0.431658	1.11778	298.882
651	3.88712e-08	103.234	99.5704	186.923	9.84336	0.42957	1.12373	298.876
652	3.86829e-08	103.244	99.5725	186.913	9.84309	0.427492	1.12972	298.87
653	3.84956e-08	103.255	99.5746	186.902	9.84283	0.425424	1.13574	298.864
654	3.83092e-08	103.265	99.5766	186.892	9.84257	0.423365	1.1418	298.858
655	3.81237e-08	103.276	99.5787	186.882	9.84231	0.421317	1.14789	298.852
656	3.79391e-08	103.287	99.5807	186.871	9.84205	0.419279	1.15402	298.846
657	3.77553e-08	103.297	99.5827	186.861	9.84178	0.41725	1.16018	298.84
658	3.75725e-08	103.308	99.5848	186.851	9.84152	0.415232	1.16638	298.834
659	3.73905e-08	103.319	99.5868	186.84	9.84126	0.413223	1.17262	298.827
660	3.72095e-08	103.329	99.5888	186.83	9.841	0.411224	1.17889	298.821
661	3.70293e-08	103.34	99.5908	186.819	9.84073	0.409234	1.1852	298.815
662	3.685e-08	103.35	99.5927	186.809	9.84047	0.407254	1.19154	298.808
663	3.66715e-08	103.361	99.5947	186.799	9.84021	0.405284	1.19792	298.802
664	3.64939e-08	103.372	99.5967	186.788	9.83995	0.403323	1.20434	298.796
665	3.63172e-08	103.382	99.5986	186.778	9.83969	0.401372	1.2108	298.789
666	3.61413e-08	103.393	99.6006	186.768	9.83942	0.39943	1.2173	298.783
667	3.59663e-08	103.404	99.6025	186.757	9.83916	0.397498	1.22383	298.776
668	3.57921e-08	103.414	99.6044	186.747	9.8389	0.395575	1.2304	298.77
669	3.56187e-08	103.425	99.6063	186.737	9.83864	0.393661	1.23701	298.763
670	3.54462e-08	103.435	99.6082	186.726	9.83838	0.391756	1.24366	298.756
671	3.52746e-08	103.446	99.6101	186.716	9.83811	0.389861	1.25035	298.75
672	3.51037e-08	103.457	99.612	186.705	9.83785	0.387975	1.25708	298.743
673	3.49337e-08	103.467	99.6139	186.695	9.83759	0.386098	1.26384	298.736
674	3.47645e-08	103.478	99.6158	186.685	9.83733	0.38423	1.27065	298.729
675	3.45962e-08	103.489	99.6176	186.674	9.83707	0.382371	1.2775	298.723
676	3.44286e-08	103.499	99.6195	186.664	9.8368	0.380521	1.28438	298.716
677	3.42619e-08	103.51	99.6213	186.654	9.83654	0.37868	1.29131	298.709
678	3.40959e-08	103.52	99.6232	186.643	9.83628	0.376848	1.29828	298.702
679	3.39308e-08	103.531	99.625	186.633	9.83602	0.375024	1.30529	298.695
680	3.37665e-08	103.542	99.6268	186.623	9.83575	0.37321	1.31235	298.688
681	3.36029e-08	103.552	99.6286	186.612	9.83549	0.371404	1.31944	298.681
682	3.34402e-08	103.563	99.6304	186.602	9.83523	0.369607	1.32658	298.673
683	3.32782e-08	103.573	99.6322	186.592	9.83497	0.367819	1.33376	298.666
684	3.3117e-08	103.584	99.634	186.581	9.83471	0.36604	1.34098	298.659
685	3.29566e-08	103.595	99.6357	186.571	9.83444	0.364269	1.34824	298.652
686	3.2797e-08	103.605	99.6375	186.56	9.83418	0.362506	1.35555	298.644
687	3.26382e-08	103.616	99.6392	186.55	9.83392	0.360752	1.3629	298.637
688	3.24801e-08	103.627	99.641	186.54	9.83366	0.359007	1.3703	298.63
689	3.23227e-08	103.637	99.6427	186.529	9.8334	0.35727	1.37774	298.622
690	3.21662e-08	103.648	99.6445	186.519	9.83313	0.355541	1.38522	298.615
691	3.20104e-08	103.658	99.6462	186.509	9.83287	0.353821	1.39275	298.607
692	3.18553e-08	103.669	99.6479	186.498	9.83261	0.352109	1.40033	298.6
693	3.1701e-08	103.68	99.6496	186.488	9.83235	0.350406	1.40795	298.592
694	3.15475e-08	103.69	99.6513	186.478	9.83208	0.34871	1.41561	298.584
695	3.13947e-08	103.701	99.653	186.467	9.83182	0.347023	1.42332	298.577
696	3.12426e-08	103.711	99.6547	186.457	9.83156	0.345344	1.43108	298.569
697	3.10913e-08	103.722	99.6563	186.447	9.8313	0.343673	1.43889	298.561
698	3.09407e-08	103.733	99.658	186.436	9.83104	0.34201	1.44674	298.553
699	3.07908e-08	103.743	99.6596	186.426	9.83077	0.340356	1.45464	298.545
700	3.06417e-08	103.754	99.6613	186.416	9.83051	0.338709	1.46259	298.537
701	3.04932e-08	103.764	99.6629	186.405	9.83025	0.33707	1.47059	298.529
702	3.03455e-08	103.775	99.6646	186.395	9.82999	0.335439	1.47863	298.521
703	3.01985e-08	103.786	99.6662	186.385	9.82973	0.333816	1.48672	298.513
704	3.00522e-08	103.796	99.6678	186.374	9.82946	0.332201	1.49487	298.505
705	2.99067e-08	103.807	99.6694	186.364	9.8292	0.330594	1.50306	298.497
706	2.97618e-08	103.818	99.671	186.354	9.82894	0.328994	1.5113	298.489
707	2.96176e-08	103.828	99.6726	186.343	9.82868	0.327402	1.51959	298.48
708	2.94741e-08	103.839	99.6742	186.333	9.82842	0.325818	1.52794	298.472
709	2.93314e-08	103.849	99.6758	186.323	9.82815	0.324242	1.53633	298.464
710	2.91893e-08	103.86	99.6773	186.312	9.82789	0.322673	1.54477	298.455
711	2.90479e-08	103.871	99.6789	186.302	9.82763	0.321112	1.55327	298.447
712	2.89072e-08	103.881	99.6804	186.292	9.82737	0.319558	1.56182	298.438
713	2.87671e-08	103.892	99.682	186.281	9.8271	0.318012	1.57042	298.43
714	2.86278e-08	103.902	99.6835	186.271	9.82684	0.316473	1.57907	298.421
715	2.84891e-08	103.913	99.6851	186.26	9.82658	0.314942	1.58778	298.412
716	2.83511e-08	103.924	99.6866	186.25	9.82632	0.313418	1.59654	298.403
717	2.82137e-08	103.934	99.6881	186.24	9.82606	0.311902	1.60536	298.395
718	2.8077e-08	103.945	99.6896	186.229	9.82579	0.310393	1.61423	298.386
719	2.7941e-08	103.955	99.6911	186.219	9.82553	0.308891	1.62315	298.377
720	2.78056e-08	103.966	99.6926	186.209	9.82527	0.307396	1.63213	298.368
721	2.76709e-08	103.977	99.6941	186.198	9.82501	0.305909	1.64116	298.359
722	2.75369e-08	103.987	99.6956	186.188	9.82475	0.304429	1.65025	298.35
723	2.74035e-08	103.998	99.697	186.178	9.82448	0.302956	1.6594	298.341
724	2.72707e-08	104.008	99.6985	186.167	9.82422	0.30149	1.66861	298.331
725	2.71386e-08	104.019	99.7	186.157	9.82396	0.300031	1.67787	298.322
726	2.70071e-08	104.029	99.7014	186.147	9.8237	0.298579	1.68719	298.313
727	2.68762e-08	104.04	99.7029	186.136	9.82343	0.297135	1.69656	298.303
728	2.6746e-08	104.051	99.7043	186.126	9.82317	0.295697	1.706	298.294
729	2.66164e-08	104.061	99.7057	186.116	9.82291	0.294266	1.71549	298.285
730	2.64875e-08	104.072	99.7072	186.106	9.82265	0.292842	1.72505	298.275
731	2.63591e-08	104.082	99.7086	186.095	9.82239	0.291425	1.73466	298.265
732	2.62314e-08	104.093	99.71	186.085	9.82212	0.290015	1.74433	298.256
733	2.61043e-08	104.104	99.7114	186.075	9.82186	0.288612	1.75407	298.246
734	2.59778e-08	104.114	99.7128	186.064	9.8216	0.287215	1.76386	298.236
735	2.5852e-08	104.125	99.7142	186.054	9.82134	0.285826	1.77372	298.226
736	2.57267e-08	104.135	99.7156	186.044	9.82108	0.284443	1.78364	298.216
737	2.56021e-08	104.146	99.7169	186.033	9.82081	0.283066	1.79362	298.206
738	2.5478e-08	104.157	99.7183	186.023	9.82055	0.281697	1.80367	298.196
739	2.53546e-08	104.167	99.7197	186.013	9.82029	0.280334	1.81378	298.186
740	2.52317e-08	104.178	99.721	186.002	9.82003	0.278977	1.82395	298.176
741	2.51094e-08	104.188	99.7224	185.992	9.81977	0.277627	1.83419	298.166
742	2.49878e-08	104.199	99.7237	185.982	9.8195	0.276284	1.84449	298.156
743	2.48667e-08	104.209	99.7251	185.971	9.81924	0.274947	1.85486	298.145
744	2.47462e-08	104.22	99.7264	185.961	9.81898	0.273617	1.86529	298.135
745	2.46263e-08	104.231	99.7277	185.951	9.81872	0.272293	1.87579	298.124
746	2.45069e-08	104.241	99.729	185.94	9.81845	0.270975	1.88636	298.114
747	2.43882e-08	104.252	99.7303	185.93	9.81819	0.269664	1.89699	298.103
748	2.427e-08	104.262	99.7316	185.92	9.81793	0.268359	1.9077	298.092
749	2.41524e-08	104.273	99.7329	185.909	9.81767	0.267061	1.91847	298.082
750	2.40354e-08	104.284	99.7342	185.899	9.81741	0.265768	1.92931	298.071
751	2.39189e-08	104.294	99.7355	185.889	9.81714	0.264482	1.94022	298.06
752	2.3803e-08	104.305	99.7368	185.878	9.81688	0.263203	1.9512	298.049
753	2.36876e-08	104.315	99.7381	185.868	9.81662	0.261929	1.96225	298.038
754	2.35728e-08	104.326	99.7393	185.858	9.81636	0.260662	1.97337	298.027
755	2.34586e-08	104.336	99.7406	185.847	9.8161	0.2594	1.98456	298.015
756	2.33449e-08	104.347	99.7419	185.837	9.81583	0.258145	1.99583	298.004
757	2.32318e-08	104.358	99.7431	185.827	9.81557	0.256896	2.00717	297.993
758	2.31192e-08	104.368	99.7443	185.816	9.81531	0.255653	2.01858	297.981
759	2.30071e-08	104.379	99.7456	185.806	9.81505	0.254416	2.03006	297.97
760	2.28956e-08	104.389	99.7468	185.796	9.81479	0.253185	2.04163	297.958
761	2.27847e-08	104.4	99.748	185.786	9.81452	0.25196	2.05326	297.947
762	2.26742e-08	104.41	99.7493	185.775	9.81426	0.25074	2.06497	297.935
763	2.25643e-08	104.421	99.7505	185.765	9.814	0.249527	2.07676	297.923
764	2.2455e-08	104.432	99.7517	185.755	9.81374	0.24832	2.08863	297.911
765	2.23461e-08	104.442	99.7529	185.744	9.81347	0.247118	2.10057	297.899
766	2.22378e-08	104.453	99.7541	185.734	9.81321	0.245922	2.11259	297.887
767	2.21301e-08	104.463	99.7553	185.724	9.81295	0.244732	2.12469	297.875
768	2.20228e-08	104.474	99.7565	185.713	9.81269	0.243548	2.13687	297.863
769	2.19161e-08	104.485	99.7576	185.703	9.81243	0.24237	2.14913	297.851
770	2.18098e-08	104.495	99.7588	185.693	9.81216	0.241197	2.16147	297.839
771	2.17041e-08	104.506	99.76	185.682	9.8119	0.24003	2.17389	297.826
772	2.15989e-08	104.516	99.7611	185.672	9.81164	0.238868	2.1864	297.814
773	2.14942e-08	104.527	99.7623	185.662	9.81138	0.237712	2.19898	297.801
774	2.139e-08	104.537	99.7634	185.652	9.81112	0.236562	2.21165	297.788
775	2.12864e-08	104.548	99.7646	185.641	9.81085	0.235417	2.22441	297.776
776	2.11832e-08	104.558	99.7657	185.631	9.81059	0.234278	2.23725	297.763
777	2.10805e-08	104.569	99.7669	185.621	9.81033	0.233145	2.25017	297.75
778	2.09783e-08	104.58	99.768	185.61	9.81007	0.232016	2.26318	297.737
779	2.08766e-08	104.59	99.7691	185.6	9.8098	0.230894	2.27628	297.724
780	2.07754e-08	104.601	99.7702	185.59	9.80954	0.229776	2.28946	297.711
781	2.06747e-08	104.611	99.7713	185.579	9.80928	0.228665	2.30273	297.697
782	2.05745e-08	104.622	99.7724	185.569	9.80902	0.227558	2.3161	297.684
783	2.04747e-08	104.632	99.7735	185.559	9.80876	0.226457	2.32955	297.67
784	2.03755e-08	104.643	99.7746	185.549	9.80849	0.225361	2.34309	297.657
785	2.02767e-08	104.654	99.7757	185.538	9.80823	0.224271	2.35672	297.643
786	2.01784e-08	104.664	99.7768	185.528	9.80797	0.223185	2.37045	297.63
787	2.00806e-08	104.675	99.7779	185.518	9.80771	0.222105	2.38426	297.616
788	1.99832e-08	104.685	99.779	185.507	9.80745	0.221031	2.39818	297.602
789	1.98864e-08	104.696	99.78	185.497	9.80718	0.219961	2.41218	297.588
790	1.97899e-08	104.706	99.7811	185.487	9.80692	0.218897	2.42628	297.574
791	1.9694e-08	104.717	99.7822	185.476	9.80666	0.217837	2.44048	297.56
792	1.95985e-08	104.727	99.7832	185.466	9.8064	0.216783	2.45477	297.545
793	1.95035e-08	104.738	99.7843	185.456	9.80614	0.215734	2.46916	297.531
794	1.94089e-08	104.749	99.7853	185.446	9.80587	0.21469	2.48365	297.516
795	1.93148e-08	104.759	99.7863	185.435	9.80561	0.213651	2.49824	297.502
796	1.92212e-08	104.77	99.7874	185.425	9.80535	0.212617	2.51292	297.487
797	1.9128e-08	104.78	99.7884	185.415	9.80509	0.211589	2.52771	297.472
798	1.90352e-08	104.791	99.7894	185.404	9.80482	0.210565	2.5426	297.457
799	1.89429e-08	104.801	99.7905	185.394	9.80456	0.209546	2.55759	297.442
800	1.88511e-08	104.812	99.7915	185.384	9.8043	0.208532	2.57269	297.427
801	1.87597e-08	104.822	99.7925	185.373	9.80404	0.207523	2.58789	297.412
802	1.86687e-08	104.833	99.7935	185.363	9.80378	0.206518	2.60319	297.397
803	1.85782e-08	104.844	99.7945	185.353	9.80351	0.205519	2.6186	297.381
804	1.84881e-08	104.854	99.7955	185.343	9.80325	0.204524	2.63412	297.366
805	1.83985e-08	104.865	99.7965	185.332	9.80299	0.203535	2.64975	297.35
806	1.83092e-08	104.875	99.7975	185.322	9.80273	0.20255	2.66548	297.335
807	1.82205e-08	104.886	99.7984	185.312	9.80247	0.20157	2.68133	297.319
808	1.81321e-08	104.896	99.7994	185.301	9.8022	0.200594	2.69728	297.303
809	1.80442e-08	104.907	99.8004	185.291	9.80194	0.199624	2.71335	297.287
810	1.79567e-08	104.917	99.8013	185.281	9.80168	0.198658	2.72953	297.27
811	1.78696e-08	104.928	99.8023	185.271	9.80142	0.197696	2.74582	297.254
812	1.77829e-08	104.939	99.8033	185.26	9.80115	0.19674	2.76222	297.238
813	1.76967e-08	104.949	99.8042	185.25	9.80089	0.195787	2.77875	297.221
814	1.76109e-08	104.96	99.8052	185.24	9.80063	0.19484	2.79539	297.205
815	1.75254e-08	104.97	99.8061	185.229	9.80037	0.193897	2.81214	297.188
816	1.74404e-08	104.981	99.807	185.219	9.80011	0.192959	2.82902	297.171
817	1.73559e-08	104.991	99.808	185.209	9.79984	0.192025	2.84601	297.154
818	1.72717e-08	105.002	99.8089	185.199	9.79958	0.191096	2.86313	297.137
819	1.71879e-08	105.012	99.8098	185.188	9.79932	0.190171	2.88036	297.12
820	1.71045e-08	105.023	99.8107	185.178	9.79906	0.189251	2.89772	297.102
821	1.70216e-08	105.033	99.8117	185.168	9.7988	0.188335	2.91521	297.085
822	1.6939e-08	105.044	99.8126	185.157	9.79853	0.187424	2.93281	297.067
823	1.68569e-08	105.055	99.8135	185.147	9.79827	0.186517	2.95055	297.049
824	1.67751e-08	105.065	99.8144	185.137	9.79801	0.185614	2.96841	297.032
825	1.66937e-08	105.076	99.8153	185.127	9.79775	0.184716	2.9864	297.014
826	1.66127e-08	105.086	99.8162	185.116	9.79749	0.183822	3.00452	296.995
827	1.65322e-08	105.097	99.8171	185.106	9.79722	0.182932	3.02277	296.977
828	1.6452e-08	105.107	99.818	185.096	9.79696	0.182047	3.04115	296.959
829	1.63722e-08	105.118	99.8188	185.086	9.7967	0.181166	3.05967	296.94
830	1.62927e-08	105.128	99.8197	185.075	9.79644	0.180289	3.07832	296.922
831	1.62137e-08	105.139	99.8206	185.065	9.79617	0.179417	3.0971	296.903
832	1.6135e-08	105.149	99.8215	185.055	9.79591	0.178549	3.11602	296.884
833	1.60568e-08	105.16	99.8223	185.044	9.79565	0.177685	3.13508	296.865
834	1.59789e-08	105.17	99.8232	185.034	9.79539	0.176825	3.15428	296.846
835	1.59013e-08	105.181	99.824	185.024	9.79513	0.175969	3.17362	296.826
836	1.58242e-08	105.192	99.8249	185.014	9.79486	0.175118	3.19311	296.807
837	1.57474e-08	105.202	99.8257	185.003	9.7946	0.17427	3.21273	296.787
838	1.5671e-08	105.213	99.8266	184.993	9.79434	0.173427	3.2325	296.767
839	1.5595e-08	105.223	99.8274	184.983	9.79408	0.172587	3.25242	296.748
840	1.55193e-08	105.234	99.8282	184.973	9.79382	0.171752	3.27248	296.728
841	1.5444e-08	105.244	99.8291	184.962	9.79355	0.170921	3.29269	296.707
842	1.53691e-08	105.255	99.8299	184.952	9.79329	0.170094	3.31305	296.687
843	1.52945e-08	105.265	99.8307	184.942	9.79303	0.169271	3.33356	296.666
844	1.52203e-08	105.276	99.8315	184.931	9.79277	0.168452	3.35423	296.646
845	1.51464e-08	105.286	99.8324	184.921	9.79251	0.167636	3.37505	296.625
846	1.50729e-08	105.297	99.8332	184.911	9.79224	0.166825	3.39602	296.604
847	1.49998e-08	105.307	99.834	184.901	9.79198	0.166018	3.41715	296.583
848	1.4927e-08	105.318	99.8348	184.89	9.79172	0.165214	3.43844	296.562
849	1.48546e-08	105.328	99.8356	184.88	9.79146	0.164415	3.45989	296.54
850	1.47825e-08	105.339	99.8364	184.87	9.79119	0.163619	3.4815	296.518
851	1.47107e-08	105.349	99.8372	184.86	9.79093	0.162827	3.50328	296.497
852	1.46393e-08	105.36	99.838	184.849	9.79067	0.16204	3.52522	296.475
853	1.45683e-08	105.371	99.8387	184.839	9.79041	0.161255	3.54732	296.453
854	1.44976e-08	105.381	99.8395	184.829	9.79015	0.160475	3.5696	296.43
855	1.44272e-08	105.392	99.8403	184.819	9.78988	0.159698	3.59204	296.408
856	1.43572e-08	105.402	99.8411	184.808	9.78962	0.158926	3.61465	296.385
857	1.42875e-08	105.413	99.8418	184.798	9.78936	0.158156	3.63744	296.363
858	1.42182e-08	105.423	99.8426	184.788	9.7891	0.157391	3.6604	296.34
859	1.41491e-08	105.434	99.8434	184.777	9.78884	0.156629	3.68354	296.316
860	1.40805e-08	105.444	99.8441	184.767	9.78857	0.155871	3.70685	296.293
861	1.40121e-08	105.455	99.8449	184.757	9.78831	0.155117	3.73034	296.27
862	1.39441e-08	105.465	99.8456	184.747	9.78805	0.154366	3.75402	296.246
863	1.38764e-08	105.476	99.8464	184.736	9.78779	0.153619	3.77788	296.222
864	1.3809e-08	105.486	99.8471	184.726	9.78752	0.152876	3.80192	296.198
865	1.3742e-08	105.497	99.8479	184.716	9.78726	0.152136	3.82615	296.174
866	1.36753e-08	105.507	99.8486	184.706	9.787	0.1514	3.85057	296.149
867	1.36089e-08	105.518	99.8493	184.695	9.78674	0.150667	3.87518	296.125
868	1.35428e-08	105.528	99.8501	184.685	9.78648	0.149938	3.89998	296.1
869	1.34771e-08	105.539	99.8508	184.675	9.78621	0.149212	3.92497	296.075
870	1.34116e-08	105.549	99.8515	184.665	9.78595	0.14849	3.95017	296.05
871	1.33465e-08	105.56	99.8522	184.654	9.78569	0.147772	3.97555	296.024
872	1.32817e-08	105.57	99.8529	184.644	9.78543	0.147057	4.00114	295.999
873	1.32172e-08	105.581	99.8537	184.634	9.78517	0.146345	4.02694	295.973
874	1.3153e-08	105.591	99.8544	184.624	9.7849	0.145637	4.05293	295.947
875	1.30892e-08	105.602	99.8551	184.613	9.78464	0.144932	4.07913	295.921
876	1.30256e-08	105.612	99.8558	184.603	9.78438	0.14423	4.10554	295.894
877	1.29623e-08	105.623	99.8565	184.593	9.78412	0.143532	4.13216	295.868
878	1.28994e-08	105.633	99.8572	184.583	9.78386	0.142838	4.15899	295.841
879	1.28367e-08	105.644	99.8579	184.572	9.78359	0.142147	4.18604	295.814
880	1.27744e-08	105.655	99.8585	184.562	9.78333	0.141459	4.2133	295.787
881	1.27124e-08	105.665	99.8592	184.552	9.78307	0.140774	4.24078	295.759
882	1.26506e-08	105.676	99.8599	184.542	9.78281	0.140093	4.26849	295.732
883	1.25892e-08	105.686	99.8606	184.531	9.78254	0.139415	4.29641	295.704
884	1.2528e-08	105.697	99.8613	184.521	9.78228	0.13874	4.32457	295.675
885	1.24672e-08	105.707	99.8619	184.511	9.78202	0.138069	4.35295	295.647
886	1.24066e-08	105.718	99.8626	184.501	9.78176	0.137401	4.38156	295.618
887	1.23463e-08	105.728	99.8633	184.49	9.7815	0.136736	4.4104	295.59
888	1.22864e-08	105.739	99.8639	184.48	9.78123	0.136074	4.43948	295.561
889	1.22267e-08	105.749	99.8646	184.47	9.78097	0.135415	4.4688	295.531
890	1.21673e-08	105.76	99.8652	184.46	9.78071	0.13476	4.49835	295.502
891	1.21082e-08	105.77	99.8659	184.449	9.78045	0.134108	4.52815	295.472
892	1.20494e-08	105.781	99.8665	184.439	9.78019	0.133459	4.5582	295.442
893	1.19908e-08	105.791	99.8672	184.429	9.77992	0.132813	4.58849	295.412
894	1.19325e-08	105.802	99.8678	184.419	9.77966	0.13217	4.61903	295.381
895	1.18746e-08	105.812	99.8685	184.409	9.7794	0.131531	4.64983	295.35
896	1.18169e-08	105.823	99.8691	184.398	9.77914	0.130894	4.68088	295.319
897	1.17594e-08	105.833	99.8697	184.388	9.77887	0.130261	4.71219	295.288
898	1.17023e-08	105.844	99.8704	184.378	9.77861	0.12963	4.74376	295.256
899	1.16454e-08	105.854	99.871	184.368	9.77835	0.129003	4.7756	295.224
900	1.15888e-08	105.865	99.8716	184.357	9.77809	0.128378	4.8077	295.192
901	1.15325e-08	105.875	99.8722	184.347	9.77783	0.127757	4.84007	295.16
902	1.14765e-08	105.886	99.8729	184.337	9.77756	0.127139	4.87271	295.127
903	1.14207e-08	105.896	99.8735	184.327	9.7773	0.126524	4.90563	295.094
904	1.13652e-08	105.907	99.8741	184.316	9.77704	0.125911	4.93883	295.061
905	1.13099e-08	105.917	99.8747	184.306	9.77678	0.125302	4.97231	295.028
906	1.1255e-08	105.928	99.8753	184.296	9.77652	0.124696	5.00607	294.994
907	1.12003e-08	105.938	99.8759	184.286	9.77625	0.124092	5.04012	294.96
908	1.11458e-08	105.949	99.8765	184.275	9.77599	0.123491	5.07447	294.926
909	1.10916e-08	105.959	99.8771	184.265	9.77573	0.122894	5.1091	294.891
910	1.10377e-08	105.97	99.8777	184.255	9.77547	0.122299	5.14404	294.856
911	1.0984e-08	105.98	99.8783	184.245	9.77521	0.121707	5.17927	294.821
912	1.09306e-08	105.991	99.8789	184.235	9.77494	0.121118	5.21481	294.785
913	1.08775e-08	106.001	99.8795	184.224	9.77468	0.120532	5.25065	294.749
914	1.08246e-08	106.012	99.8801	184.214	9.77442	0.119949	5.2868	294.713
915	1.0772e-08	106.022	99.8806	184.204	9.77416	0.119368	5.32327	294.677
916	1.07196e-08	106.033	99.8812	184.194	9.77389	0.118791	5.36006	294.64
917	1.06675e-08	106.043	99.8818	184.183	9.77363	0.118216	5.39716	294.603
918	1.06156e-08	106.053	99.8824	184.173	9.77337	0.117643	5.4346	294.565
919	1.0564e-08	106.064	99.8829	184.163	9.77311	0.117074	5.47235	294.528
920	1.05126e-08	106.074	99.8835	184.153	9.77285	0.116508	5.51044	294.49
921	1.04614e-08	106.085	99.8841	184.142	9.77258	0.115944	5.54887	294.451
922	1.04106e-08	106.095	99.8846	184.132	9.77232	0.115383	5.58763	294.412
923	1.03599e-08	106.106	99.8852	184.122	9.77206	0.114824	5.62674	294.373
924	1.03095e-08	106.116	99.8857	184.112	9.7718	0.114268	5.6662	294.334
925	1.02594e-08	106.127	99.8863	184.102	9.77154	0.113715	5.706	294.294
926	1.02095e-08	106.137	99.8868	184.091	9.77127	0.113165	5.74616	294.254
927	1.01598e-08	106.148	99.8874	184.081	9.77101	0.112617	5.78668	294.213
928	1.01104e-08	106.158	99.8879	184.071	9.77075	0.112072	5.82756	294.172
929	1.00612e-08	106.169	99.8885	184.061	9.77049	0.11153	5.86881	294.131
930	1.00122e-08	106.179	99.889	184.05	9.77023	0.11099	5.91043	294.09
931	9.96349e-09	106.19	99.8895	184.04	9.76996	0.110453	5.95243	294.048
932	9.915e-09	106.2	99.8901	184.03	9.7697	0.109919	5.9948	294.005
933	9.86675e-09	106.211	99.8906	184.02	9.76944	0.109387	6.03756	293.962
934	9.81873e-09	106.221	99.8911	184.01	9.76918	0.108857	6.08071	293.919
935	9.77094e-09	106.232	99.8917	183.999	9.76891	0.10833	6.12425	293.876
936	9.72338e-09	106.242	99.8922	183.989	9.76865	0.107806	6.16819	293.832
937	9.67605e-09	106.253	99.8927	183.979	9.76839	0.107284	6.21253	293.787
938	9.62895e-09	106.263	99.8932	183.969	9.76813	0.106765	6.25728	293.743
939	9.58208e-09	106.274	99.8938	183.958	9.76787	0.106248	6.30244	293.698
940	9.53543e-09	106.284	99.8943	183.948	9.7676	0.105734	6.34802	293.652
941	9.489e-09	106.295	99.8948	183.938	9.76734	0.105222	6.39402	293.606
942	9.4428e-09	106.305	99.8953	183.928	9.76708	0.104713	6.44044	293.56
943	9.39682e-09	106.316	99.8958	183.918	9.76682	0.104206	6.4873	293.513
944	9.35106e-09	106.326	99.8963	183.907	9.76656	0.103702	6.53459	293.465
945	9.30552e-09	106.337	99.8968	183.897	9.76629	0.1032	6.58233	293.418
946	9.26021e-09	106.347	99.8973	183.887	9.76603	0.102701	6.63051	293.369
947	9.2151e-09	106.357	99.8978	183.877	9.76577	0.102204	6.67915	293.321
948	9.17022e-09	106.368	99.8983	183.867	9.76551	0.101709	6.72824	293.272
949	9.12555e-09	106.378	99.8988	183.856	9.76524	0.101217	6.77779	293.222
950	9.0811e-09	106.389	99.8993	183.846	9.76498	0.100727	6.82782	293.172
951	9.03686e-09	106.399	99.8998	183.836	9.76472	0.10024	6.87831	293.122
952	8.99283e-09	106.41	99.9002	183.826	9.76446	0.0997544	6.92929	293.071
953	8.94902e-09	106.42	99.9007	183.816	9.7642	0.0992716	6.98075	293.019
954	8.90541e-09	106.431	99.9012	183.805	9.76393	0.0987912	7.03271	292.967
955	8.86202e-09	106.441	99.9017	183.795	9.76367	0.098313	7.08516	292.915
956	8.81883e-09	106.452	99.9022	183.785	9.76341	0.0978372	7.13812	292.862
957	8.77585e-09	106.462	99.9026	183.775	9.76315	0.0973637	7.19158	292.808
958	8.73308e-09	106.473	99.9031	183.764	9.76289	0.0968925	7.24556	292.754
959	8.69051e-09	106.483	99.9036	183.754	9.76262	0.0964236	7.30007	292.7
960	8.64815e-09	106.494	99.904	183.744	9.76236	0.0959569	7.3551	292.645
961	8.60599e-09	106.504	99.9045	183.734	9.7621	0.0954925	7.41067	292.589
962	8.56403e-09	106.515	99.905	183.724	9.76184	0.0950304	7.46678	292.533
963	8.52228e-09	106.525	99.9054	183.713	9.76158	0.0945704	7.52343	292.477
964	8.48072e-09	106.535	99.9059	183.703	9.76131	0.0941127	7.58065	292.419
965	8.43937e-09	106.546	99.9063	183.693	9.76105	0.0936573	7.63842	292.362
966	8.39821e-09	106.556	99.9068	183.683	9.76079	0.093204	7.69676	292.303
967	8.35725e-09	106.567	99.9072	183.673	9.76053	0.0927529	7.75568	292.244
968	8.31649e-09	106.577	99.9077	183.662	9.76026	0.092304	7.81518	292.185
969	8.27592e-09	106.588	99.9081	183.652	9.76	0.0918573	7.87527	292.125
970	8.23555e-09	106.598	99.9086	183.642	9.75974	0.0914127	7.93596	292.064
971	8.19537e-09	106.609	99.909	183.632	9.75948	0.0909703	7.99726	292.003
972	8.15538e-09	106.619	99.9095	183.622	9.75922	0.09053	8.05916	291.941
973	8.11559e-09	106.63	99.9099	183.611	9.75895	0.0900919	8.12168	291.878
974	8.07599e-09	106.64	99.9103	183.601	9.75869	0.0896559	8.18484	291.815
975	8.03657e-09	106.651	99.9108	183.591	9.75843	0.0892219	8.24862	291.751
976	7.99735e-09	106.661	99.9112	183.581	9.75817	0.0887901	8.31305	291.687
977	7.95831e-09	106.671	99.9116	183.571	9.75791	0.0883604	8.37813	291.622
978	7.91946e-09	106.682	99.9121	183.56	9.75764	0.0879328	8.44387	291.556
979	7.8808e-09	106.692	99.9125	183.55	9.75738	0.0875072	8.51027	291.49
980	7.84232e-09	106.703	99.9129	183.54	9.75712	0.0870837	8.57735	291.423
981	7.80403e-09	106.713	99.9133	183.53	9.75686	0.0866622	8.64512	291.355
982	7.76592e-09	106.724	99.9138	183.52	9.75659	0.0862428	8.71357	291.286
983	7.72799e-09	106.734	99.9142	183.51	9.75633	0.0858254	8.78273	291.217
984	7.69024e-09	106.745	99.9146	183.499	9.75607	0.08541	8.85259	291.147
985	7.65268e-09	106.755	99.915	183.489	9.75581	0.0849966	8.92317	291.077
986	7.61529e-09	106.766	99.9154	183.479	9.75555	0.0845853	8.99448	291.006
987	7.57808e-09	106.776	99.9158	183.469	9.75528	0.0841759	9.06653	290.933
988	7.54105e-09	106.786	99.9162	183.459	9.75502	0.0837685	9.13933	290.861
989	7.5042e-09	106.797	99.9166	183.448	9.75476	0.0833631	9.21288	290.787
990	7.46753e-09	106.807	99.917	183.438	9.7545	0.0829596	9.2872	290.713
991	7.43103e-09	106.818	99.9174	183.428	9.75424	0.0825581	9.3623	290.638
992	7.3947e-09	106.828	99.9178	183.418	9.75397	0.0821586	9.43818	290.562
993	7.35855e-09	106.839	99.9182	183.408	9.75371	0.0817609	9.51486	290.485
994	7.32257e-09	106.849	99.9186	183.397	9.75345	0.0813652	9.59234	290.408
995	7.28676e-09	106.86	99.919	183.387	9.75319	0.0809714	9.67064	290.329
996	7.25113e-09	106.87	99.9194	183.377	9.75293	0.0805795	9.74977	290.25
997	7.21566e-09	106.88	99.9198	183.367	9.75266	0.0801896	9.82973	290.17
998	7.18036e-09	106.891	99.9202	183.357	9.7524	0.0798015	9.91054	290.089
999	7.14523e-09	106.901	99.9206	183.347	9.75214	0.0794152	9.9922	290.008
1000	7.11027e-09	106.912	99.921	183.336	9.75188	0.0790309	10.0747	289.925
