TaskList[Parameter Estimation].(Problem)Parameter Estimation.Best Parameters	TaskList[Parameter Estimation].(Problem)Parameter Estimation.Best Value
(	17.7573	62.4336	4.11972	2.78277	0.148573	28.5288	0.112241	0.1	0.1	0.391139	0.103996	30.7245	8.84015	0.880845	0.585498	10.8042	13.9388	27.1024	0.693087	0.522031	0.884374	22.3005	)	18658
(	50.8471	0.941931	57.5461	25.4951	1.71755	68.2882	0.111151	0.1	0.103047	20.8167	2.32727	0.376787	39.5076	0.498326	88.3999	8.3027	15.6363	3.99363	2.1834	0.447361	1.94301	4.50007	)	12667.1
(	55.5441	9.70489	14.1342	0.315735	0.324339	1.52657	6.94167	28.166	23.8899	68.2993	3.40477	62.7747	10.763	0.101593	16.0317	28.7218	0.13827	33.3287	0.107389	24.705	0.123345	0.682237	)	30206.1
(	0.816624	8.62188	30.9245	0.152911	2.01066	0.135675	0.616747	43.9046	3.51708	6.49302	0.130738	45.3418	44.9088	0.134728	26.9107	31.2723	0.190733	100	0.132572	8.93517	0.23725	8.40191	)	30978.8
(	94.1529	10.0861	0.188236	0.103514	0.1	15.5221	0.109516	0.100697	0.109136	1.54158	0.618775	10.4408	100	0.720192	3.35347	9.30708	2.65848	100	1.15348	8.71041	1.55593	6.19499	)	4081.54
(	19.7331	65.0453	0.177836	0.1	0.1	12.3553	0.1	0.102176	0.109636	0.154143	0.236152	47.5578	92.3097	1.81024	0.360899	2.44975	2.17554	98.1439	1.32622	11.4944	3.50515	4.99843	)	4595.59
(	100	0.160306	0.928564	0.177027	0.1	23.8042	0.10694	0.1	0.102613	12.814	0.155234	7.15434	99.1647	0.436218	2.00167	6.62924	14.555	100	1.08051	27.8286	1.22564	5.54059	)	4486.98
(	70.7692	0.116819	0.419109	0.128169	0.110747	24.3579	0.122114	0.1	0.1	3.457	15.4211	15.6557	95.7815	0.919496	3.32629	3.14105	34.1275	100	1.12512	27.8323	1.68028	18.1031	)	3912.26
(	21.5359	0.121488	0.11981	0.118297	0.106975	2.71205	0.201236	0.231547	0.1	5.65296	8.89442	32.4327	100	76.5023	3.19987	0.16337	71.4988	81.0862	0.699325	32.2632	1.06151	79.9228	)	9321.87
(	100	0.200606	0.106146	0.110784	0.1	5.89957	0.116516	0.102776	0.1	2.02554	7.21885	35.1801	95.708	79.0164	2.63627	0.198948	89.7637	83.228	0.769142	47.0411	0.980796	6.40171	)	6501.49
(	23.3829	69.8369	16.4701	0.927705	0.631318	0.121813	2.26465	12.3902	25.1531	2.90698	41.87	46.1118	63.5837	0.137181	11.313	80.2563	0.104015	59.7443	0.1	34.203	0.154155	26.5952	)	30316.4
(	62.3552	81.1443	86.7865	66.4821	2.59786	13.4152	2.75194	14.2494	5.69964	0.130262	0.702444	21.8006	85.0628	1.31357	21.285	0.437341	0.144824	4.04585	0.161259	58.518	0.290924	2.19473	)	31471.7
(	88.7787	0.25083	0.278137	0.1	1.64926	0.488809	0.103585	0.117635	0.103918	0.460232	0.134767	91.3539	95.7613	93.5499	7.51501	2.77431	40.6687	0.153322	0.946298	37.9831	2.07513	43.9963	)	8399.52
(	0.772062	25.4632	87.0169	0.130059	2.79109	22.0321	1.84419	1.03884	7.22452	2.04324	0.86221	12.7452	80.3674	7.35883	0.194734	29.5039	11.5241	67.4889	100	35.6894	4.09098	0.182653	)	26731.2
(	100	10.7937	2.03806	0.101462	0.1	27.4527	0.129171	0.110657	0.1	0.290607	72.8039	0.34894	62.7653	3.62643	0.1	3.50185	0.137683	45.6659	1.0603	5.41304	1.11705	0.820983	)	6640.08
(	9.60617	0.151922	0.167911	0.163952	0.1	0.166739	0.176733	7.19848	0.1	9.66542	3.41907	0.116151	97.6262	35.2505	3.86509	23.1788	8.67866	100	0.600988	71.024	0.555417	24.4382	)	14046.9
(	11.0973	79.6391	12.1274	0.819883	0.460758	0.8184	3.6647	16.5226	14.1055	15.5191	0.425831	16.8442	1.86661	1.57153	0.169751	75.0916	0.545487	41.6526	0.1	24.3219	0.103134	50.9786	)	30340.3
(	0.1	1.7509	8.67572	0.896373	0.36091	0.549247	3.75727	16.3466	16.3494	5.47357	0.524611	15.7321	3.60693	0.63698	1.23249	100	1.03613	49.3618	0.1	31.4605	0.102836	2.08021	)	30327.6
(	100	18.1248	1.71801	13.6682	1.5676	30.2261	0.1	0.1	0.123038	42.6554	44.2245	9.62968	100	23.8405	45.6095	0.104663	1.25797	47.3881	1.87665	0.404196	1.76521	8.28515	)	15811.5
(	80.47	3.21446	0.205972	0.140353	0.105729	17.7771	0.104878	0.1	0.10187	17.4741	14.863	11.4822	81.9644	0.352805	86.0708	0.485686	0.1374	60.3431	1.3829	13.3197	1.59247	17.5922	)	4278.57
(	52.266	0.551662	1.32336	0.1	0.46823	84.5295	0.275706	0.173515	0.406031	1.39035	69.2868	2.85016	100	5.35244	3.97299	18.9547	0.319145	7.33418	0.571401	30.195	0.432519	11.1343	)	19214
(	100	0.599858	6.47199	0.823581	0.566708	3.36279	0.100183	0.1	0.1	32.8159	20.8703	6.86146	97.8899	33.7232	0.235115	30.2335	25.3595	36.8779	1.07563	38.2874	0.95074	79.5699	)	6835.16
(	12.6529	1.82778	6.67866	4.57509	1.15715	0.107944	0.139248	0.163408	0.1	59.1016	7.69585	35.2268	90.1326	38.0247	54.2752	1.94439	0.422373	97.2766	1.08593	24.8285	1.23904	5.18145	)	20542.6
(	89.3423	2.44924	27.6353	0.101063	4.40282	18.831	0.1	0.1	0.1	34.5546	0.231577	15.4014	78.2438	0.486064	100	3.78412	0.285367	100	1.77361	3.5252	1.9343	3.38895	)	8205.94
(	55.3776	10.9236	67.9673	43.9556	1.2282	81.5175	36.0381	0.102061	3.1045	0.186462	31.5137	0.343471	100	28.4944	71.32	0.139797	6.22561	26.7237	39.2092	0.314993	2.07505	0.1	)	19994.6
(	43.1677	15.2419	4.307	16.8761	0.488825	0.259251	0.109727	0.115985	0.1	0.50052	100	2.58644	97.054	77.1485	2.69667	2.87956	0.1	52.0161	0.545583	7.33699	0.478098	12.1703	)	8845.3
(	48.4617	1.60908	0.129868	0.127941	0.177828	0.359753	0.163317	0.862868	0.1	18.4925	7.26601	30.5623	100	24.9018	6.62992	10.9848	0.230581	7.5025	0.754767	49.0842	0.948467	62.3145	)	14740.8
(	19.3879	4.49331	4.4445	0.789191	41.4768	20.6323	5.65115	6.14051	13.587	0.45319	0.474457	18.7336	67.8933	85.7236	1.35583	0.388029	0.868515	0.432138	0.1	0.241739	0.108657	63.4899	)	31611
(	100	0.156687	0.574894	0.722398	0.103104	0.180776	0.115656	0.119503	0.1	18.2485	2.19719	20.226	100	57.7738	46.5068	10.5867	0.122334	98.0771	1.28072	4.81572	1.25335	11.0187	)	18395.3
(	12.0162	0.204267	0.133169	0.112915	0.127616	0.110876	0.147493	0.1	0.1	11.9762	0.644909	15.9385	100	83.2221	0.725357	36.4187	3.15124	29.9214	0.982278	3.72354	1.07096	7.87833	)	11501.4
(	78.2141	2.63773	0.134463	0.5248	0.103323	0.72394	0.123943	0.111132	0.1	1.41513	4.65138	0.336207	100	43.6174	27.0621	0.564783	1.41597	25.3567	0.912351	0.165433	0.852142	13.8898	)	18916.4
(	91.1576	11.4184	0.170069	0.209795	0.1	12.6805	0.1	0.1	0.1	1.55898	2.05557	19.8042	98.4159	3.37562	2.86706	21.1859	0.187462	30.6747	1.19785	0.156557	1.73377	25.667	)	6463.24
(	49.4132	0.152044	10.1672	7.40238	0.559387	75.5143	0.1	0.232398	0.275028	0.403835	10.547	29.961	25.9826	6.80271	0.128466	8.72723	0.765432	89.236	0.940561	0.776543	1.06218	7.30877	)	22041.2
(	100	62.7963	0.156349	0.120948	0.101221	28.5017	0.148499	0.109955	0.1	0.971247	1.93847	29.8457	100	2.03528	2.03881	4.86988	1.32195	85.3775	1.18299	12.4454	2.21312	1.90295	)	3989.97
(	100	5.94384	0.148707	0.230817	0.111791	9.39591	0.1	0.1	0.114352	14.8282	24.7707	4.99692	74.2844	0.430562	100	12.8121	1.42611	100	1.72575	29.7178	1.48312	16.9197	)	4381.7
(	88.9179	0.190364	3.57319	2.78513	3.44351	0.125545	0.188068	0.1	0.1	1.19252	1.23433	15.3898	100	95.1035	0.265487	19.0991	15.4166	2.20406	0.497325	55.3595	0.474936	90.0014	)	12151.9
(	95.4819	9.8429	0.407587	0.1	3.64063	2.68394	0.107803	0.1	0.1	0.800746	0.1	19.8964	100	23.3348	1.11781	72.6813	84.534	7.63169	0.915244	11.4691	1.14189	64.1593	)	7644.75
(	8.06927	3.37683	0.16101	0.983803	84.1339	0.139442	0.1	0.1	0.1	29.3363	0.10198	10.2426	100	49.6223	34.5563	18.9169	0.1	1.29118	0.87297	0.159956	0.855597	67.2338	)	19619.4
(	14.0725	3.8706	7.96791	0.227179	1.04028	0.107549	0.135651	1.39546	0.1	9.34839	0.117543	50.9187	100	59.8348	14.0853	21.5719	3.19876	100	0.730576	3.01252	1.3279	23.7588	)	20595.3
(	100	17.695	6.2029	0.130069	0.975096	0.116112	0.1	0.1	0.1	47.9184	43.1616	35.8304	100	7.47986	28.4197	0.311277	11.5467	61.0093	1.35603	0.153095	1.35595	9.1902	)	16420.3
(	100	86.7818	2.52622	0.106178	0.16654	39.5639	0.119239	0.1	0.1	28.8883	22.2185	50.8078	95.4972	0.82898	70.1585	0.244489	0.265615	62.5358	1.40158	9.52999	2.79932	7.97971	)	5672.02
(	100	0.395703	0.117355	0.1	0.1	24.1168	0.123371	0.1	0.104305	18.8639	31.9669	54.7416	92.2016	0.404896	70.1346	0.135624	0.250025	80.3345	1.52388	9.29813	2.82375	3.80336	)	4165.61
(	23.6831	0.105297	0.1	0.111785	0.110841	42.4016	0.142272	0.1	0.120237	13.0154	87.6547	29.5934	81.5525	0.378331	47.3261	0.461263	0.14155	100	1.81744	13.3813	3.27809	16.5944	)	4773.43
(	0.738838	0.179371	52.1467	0.189241	0.409638	1.94117	3.03726	4.31641	0.732147	47.6066	0.181739	67.2097	0.779125	3.99784	0.426211	16.8188	0.891166	0.687089	1.30564	40.1854	17.4945	0.112107	)	30277.7
(	37.5975	0.108495	0.108405	0.10232	0.121964	0.157862	0.166247	0.1	0.1	0.141869	0.136805	72.9675	100	56.7528	0.634068	1.15824	0.601624	100	0.823867	23.8965	1.35462	9.99725	)	10242.9
(	29.2781	7.99476	0.8498	1.72417	1.72981	0.278252	0.1	0.102924	0.1	1.16817	0.121067	29.3568	93.5071	7.25135	2.20122	14.1271	100	45.8815	0.785183	24.8379	1.12076	4.18523	)	7845.99
(	85.0696	46.8947	3.59173	1.9946	1.40316	0.1	0.1	0.106704	0.1	12.5766	0.113403	34.2932	95.7051	22.4705	0.513087	56.5293	27.4543	9.69255	0.872185	21.1173	1.01149	7.06426	)	7277.1
(	66.048	3.96601	18.2006	0.179716	20.3732	40.3244	0.148164	0.101568	0.109151	27.9211	0.497496	4.75483	100	41.3392	8.14096	17.211	0.970736	20.5501	1.31994	0.778208	1.40092	49.0991	)	7625.78
(	100	0.5628	1.70351	2.39754	20.7312	0.306732	0.1	0.1	0.1	0.214269	0.709398	30.3478	99.1212	5.30329	10.9473	31.8431	0.678303	14.9369	0.716458	7.4518	0.966598	8.11155	)	7755.55
(	85.8563	48.5886	0.529885	0.309446	0.1	0.148853	0.1	0.10281	0.1	0.240154	0.248256	24.9238	94.3732	5.61243	52.4931	51.4998	3.43464	72.3488	1.36435	0.108427	2.06557	45.6798	)	17045.8
