Time	Mek1-PP	Erk2	Mos	Erk2-P	Erk2-PP	Mos-P	Mek1	Mek1-P
0	10.0	280.0	90.0	10.0	10.0	10.0	280.0	10.0
1	9.32463	279.821	88.8817	10.1531	10.0262	11.1183	279.883	10.7925
2	8.66197	279.654	87.7713	10.2949	10.0509	12.2287	279.75	11.5882
3	8.01289	279.5	86.6685	10.4257	10.0742	13.3315	279.601	12.3862
4	7.37822	279.358	85.5731	10.5457	10.0959	14.4269	279.437	13.1853
5	6.75875	279.229	84.4849	10.6553	10.116	15.5151	279.257	13.9846
6	6.15523	279.111	83.4036	10.7547	10.1346	16.5964	279.062	14.7832
7	5.56839	279.004	82.3292	10.8443	10.1516	17.6708	278.851	15.5802
8	4.99892	278.908	81.2613	10.9244	10.1671	18.7387	278.626	16.3748
9	4.44745	278.824	80.1997	10.9953	10.181	19.8003	278.386	17.1663
10	3.91462	278.749	79.1443	11.0574	10.1934	20.8557	278.132	17.9538
11	3.401	278.685	78.0948	11.111	10.2043	21.9052	277.862	18.7369
12	2.90714	278.63	77.0511	11.1564	10.2138	22.9489	277.578	19.5147
13	2.43357	278.584	76.013	11.194	10.2218	23.987	277.28	20.2868
14	1.98078	278.547	74.9802	11.2241	10.2284	25.0198	276.967	21.0525
15	1.54922	278.519	73.9527	11.247	10.2338	26.0473	276.639	21.8114
16	1.13933	278.499	72.9303	11.2632	10.2378	27.0697	276.298	22.563
17	0.751507	278.486	71.9127	11.2729	10.2407	28.0873	275.942	23.3069
18	0.386137	278.481	70.8999	11.2766	10.2424	29.1001	275.571	24.0427
19	0.0435777	278.482	69.8916	11.2746	10.243	30.1084	275.186	24.77
20	2.9813e-06	278.488	68.8879	11.2692	10.2431	31.1121	274.786	25.2141
21	3.32526e-06	278.493	67.8886	11.2637	10.2431	32.1114	274.368	25.6325
22	3.72927e-06	278.499	66.8936	11.2583	10.2431	33.1064	273.931	26.0685
23	4.21025e-06	278.504	65.903	11.2528	10.2431	34.097	273.478	26.5219
24	4.79209e-06	278.51	64.9167	11.2474	10.2431	35.0833	273.008	26.9923
25	5.5097e-06	278.515	63.9347	11.2419	10.2431	36.0653	272.521	27.4795
26	6.41617e-06	278.52	62.957	11.2365	10.2431	37.043	272.017	27.983
27	7.59638e-06	278.526	61.9834	11.231	10.2431	38.0166	271.497	28.5026
28	9.19502e-06	278.531	61.0141	11.2256	10.2431	38.9859	270.962	29.0381
29	1.14805e-05	278.537	60.0489	11.2201	10.2431	39.9511	270.411	29.5891
30	1.50131e-05	278.542	59.0879	11.2147	10.2431	40.9121	269.845	30.1554
31	2.11901e-05	278.548	58.131	11.2092	10.2431	41.869	269.263	30.7366
32	3.47345e-05	278.553	57.1781	11.2038	10.2431	42.8219	268.667	31.3325
33	8.77723e-05	278.559	56.2293	11.1983	10.2431	43.7707	268.057	31.9428
34	0.00241317	278.564	55.2845	11.1929	10.2431	44.7155	267.433	32.565
35	0.0241877	278.569	54.3437	11.1876	10.2431	45.6563	266.794	33.1817
36	0.0720165	278.574	53.4068	11.1829	10.2432	46.5932	266.142	33.7865
37	0.146087	278.577	52.474	11.1792	10.2436	47.526	265.475	34.379
38	0.246433	278.579	51.545	11.1768	10.2441	48.455	264.794	34.9594
39	0.373067	278.579	50.62	11.1763	10.2451	49.38	264.099	35.5278
40	0.525985	278.575	49.699	11.1781	10.2464	50.301	263.39	36.084
41	0.705172	278.569	48.782	11.1825	10.2483	51.218	262.667	36.6283
42	0.910601	278.559	47.869	11.1901	10.2507	52.131	261.929	37.1606
43	1.14224	278.545	46.96	11.2011	10.2538	53.04	261.177	37.6811
44	1.40003	278.526	46.0551	11.2161	10.2576	53.9449	260.41	38.1898
45	1.68392	278.502	45.1544	11.2355	10.2622	54.8456	259.629	38.6869
46	1.99386	278.473	44.2578	11.2596	10.2678	55.7422	258.834	39.1724
47	2.32975	278.437	43.3655	11.2889	10.2743	56.6345	258.024	39.6464
48	2.69151	278.394	42.4776	11.3238	10.282	57.5224	257.199	40.1091
49	3.07906	278.345	41.594	11.3647	10.2908	58.406	256.36	40.5606
50	3.49229	278.287	40.715	11.412	10.3008	59.285	255.507	41.001
51	3.93109	278.222	39.8406	11.4661	10.3122	60.1594	254.639	41.4304
52	4.39534	278.148	38.9709	11.5274	10.3251	61.0291	253.756	41.849
53	4.88492	278.064	38.1061	11.5962	10.3395	61.8939	252.858	42.2568
54	5.39968	277.971	37.2462	11.673	10.3556	62.7538	251.946	42.6542
55	5.9395	277.868	36.3915	11.7581	10.3734	63.6085	251.019	43.0411
56	6.50421	277.755	35.5419	11.8518	10.3932	64.4581	250.078	43.4177
57	7.09366	277.63	34.6978	11.9546	10.4149	65.3022	249.122	43.7842
58	7.70769	277.494	33.8592	12.0668	10.4388	66.1408	248.152	44.1407
59	8.34612	277.346	33.0264	12.1887	10.465	66.9736	247.166	44.4874
60	9.00876	277.186	32.1995	12.3206	10.4936	67.8005	246.167	44.8244
61	9.69544	277.012	31.3786	12.4628	10.5247	68.6214	245.153	45.1519
62	10.4059	276.826	30.5641	12.6157	10.5586	69.4359	244.124	45.4701
63	11.1401	276.625	29.7562	12.7795	10.5954	70.2438	243.081	45.779
64	11.8976	276.41	28.955	12.9545	10.6352	71.045	242.023	46.0789
65	12.6784	276.181	28.1607	13.1409	10.6783	71.8393	240.952	46.3699
66	13.4821	275.936	27.3738	13.3391	10.7248	72.6262	239.866	46.6522
67	14.3085	275.676	26.5943	13.5492	10.775	73.4057	238.766	46.9259
68	15.1574	275.4	25.8226	13.7714	10.829	74.1774	237.651	47.1913
69	16.0285	275.107	25.0589	14.006	10.8872	74.9411	236.523	47.4483
70	16.9216	274.797	24.3036	14.2531	10.9497	75.6964	235.381	47.6973
71	17.8364	274.47	23.5569	14.5129	11.0168	76.4431	234.225	47.9383
72	18.7726	274.126	22.8192	14.7855	11.0888	77.1808	233.056	48.1716
73	19.73	273.763	22.0908	15.0711	11.166	77.9092	231.873	48.3972
74	20.7081	273.382	21.372	15.3697	11.2486	78.628	230.676	48.6154
75	21.7068	272.982	20.6632	15.6814	11.337	79.3368	229.467	48.8263
76	22.7257	272.562	19.9647	16.0064	11.4314	80.0353	228.244	49.03
77	23.7644	272.123	19.2768	16.3446	11.5323	80.7232	227.009	49.2268
78	24.8227	271.664	18.6	16.6961	11.64	81.4	225.761	49.4167
79	25.9002	271.184	17.9346	17.0609	11.7548	82.0654	224.5	49.5999
80	26.9966	270.684	17.281	17.4389	11.8772	82.719	223.227	49.7766
81	28.1114	270.162	16.6395	17.8301	12.0074	83.3605	221.942	49.9469
82	29.2444	269.619	16.0105	18.2345	12.1461	83.9895	220.645	50.1109
83	30.395	269.055	15.3945	18.6519	12.2935	84.6055	219.336	50.2689
84	31.5631	268.468	14.7917	19.0823	12.4501	85.2083	218.016	50.4209
85	32.748	267.858	14.2026	19.5255	12.6165	85.7974	216.685	50.5672
86	33.9495	267.226	13.6275	19.9814	12.7929	86.3725	215.343	50.7078
87	35.1672	266.57	13.0667	20.4498	12.98	86.9333	213.99	50.8429
88	36.4005	265.891	12.5207	20.9305	13.1783	87.4793	212.627	50.9726
89	37.6491	265.189	11.9896	21.4232	13.3882	88.0104	211.254	51.097
90	38.9125	264.462	11.474	21.9278	13.6103	88.526	209.871	51.2164
91	40.1903	263.711	10.9739	22.444	13.8451	89.0261	208.479	51.3308
92	41.482	262.935	10.4898	22.9715	14.0932	89.5102	207.078	51.4404
93	42.7872	262.135	10.0219	23.5099	14.3551	89.9781	205.667	51.5453
94	44.1054	261.309	9.57042	24.0591	14.6314	90.4296	204.249	51.6456
95	45.4362	260.459	9.13557	24.6186	14.9227	90.8644	202.822	51.7415
96	46.779	259.582	8.71754	25.1881	15.2296	91.2825	201.388	51.8331
97	48.1335	258.68	8.31651	25.7672	15.5526	91.6835	199.946	51.9204
98	49.499	257.752	7.9326	26.3556	15.8925	92.0674	198.497	52.0037
99	50.8752	256.798	7.56591	26.9527	16.2497	92.4341	197.042	52.0831
100	52.2615	255.817	7.21652	27.5583	16.625	92.7835	195.58	52.1586
101	53.6576	254.809	6.88447	28.1719	17.0188	93.1155	194.112	52.2304
102	55.0628	253.775	6.56977	28.7929	17.432	93.4302	192.639	52.2986
103	56.4768	252.714	6.27241	29.4211	17.865	93.7276	191.16	52.3633
104	57.899	251.626	5.99233	30.0559	18.3185	94.0077	189.676	52.4246
105	59.3289	250.51	5.72944	30.6968	18.7932	94.2706	188.188	52.4826
106	60.7662	249.367	5.48364	31.3433	19.2896	94.5164	186.696	52.5374
107	62.2103	248.197	5.25479	31.995	19.8085	94.7452	185.201	52.5892
108	63.6607	246.998	5.0427	32.6514	20.3503	94.9573	183.701	52.6379
109	65.1171	245.772	4.84717	33.3119	20.9158	95.1528	182.199	52.6838
110	66.579	244.518	4.66799	33.9761	21.5055	95.332	180.694	52.7268
111	68.0458	243.236	4.50489	34.6434	22.1201	95.4951	179.187	52.7672
112	69.5173	241.926	4.35759	35.3134	22.7602	95.6424	177.678	52.8049
113	70.9929	240.588	4.2258	35.9855	23.4263	95.7742	176.167	52.8401
114	72.4723	239.222	4.1092	36.6592	24.1191	95.8908	174.655	52.8729
115	73.955	237.827	4.00744	37.334	24.839	95.9926	173.142	52.9032
116	75.4407	236.404	3.92019	38.0095	25.5867	96.0798	171.628	52.9313
117	76.9289	234.952	3.84706	38.6851	26.3628	96.1529	170.114	52.9572
118	78.4192	233.472	3.78769	39.3603	27.1677	96.2123	168.6	52.9809
119	79.9114	231.963	3.7417	40.0346	28.002	96.2583	167.086	53.0025
120	81.405	230.426	3.70869	40.7076	28.8661	96.2913	165.573	53.0222
121	82.8997	228.861	3.68829	41.3787	29.7607	96.3117	164.06	53.0398
122	84.3952	227.266	3.6801	42.0476	30.6861	96.3199	162.549	53.0556
123	85.8911	225.643	3.68374	42.7138	31.6429	96.3163	161.039	53.0696
124	87.3871	223.992	3.69883	43.3768	32.6314	96.3012	159.531	53.0818
125	88.8829	222.312	3.72498	44.0362	33.6522	96.275	158.025	53.0923
126	90.3782	220.603	3.76182	44.6916	34.7055	96.2382	156.521	53.1011
127	91.8728	218.866	3.80901	45.3425	35.7919	96.191	155.019	53.1084
128	93.3663	217.1	3.86617	45.9886	36.9117	96.1338	153.52	53.1141
129	94.8585	215.305	3.93296	46.6296	38.0652	96.067	152.023	53.1182
130	96.3491	213.482	4.00905	47.2649	39.2528	95.9909	150.53	53.121
131	97.8379	211.631	4.09411	47.8944	40.4748	95.9059	149.04	53.1222
132	99.3246	209.751	4.18781	48.5176	41.7315	95.8122	147.553	53.1222
133	100.809	207.843	4.28984	49.1342	43.0232	95.7102	146.07	53.1207
134	102.291	205.906	4.39991	49.744	44.3501	95.6001	144.591	53.118
135	103.77	203.941	4.51772	50.3466	45.7125	95.4823	143.116	53.114
136	105.246	201.948	4.64298	50.9417	47.1106	95.357	141.645	53.1088
137	106.719	199.926	4.77542	51.5291	48.5446	95.2246	140.178	53.1024
138	108.189	197.877	4.91476	52.1086	50.0147	95.0852	138.716	53.0948
139	109.655	195.799	5.06075	52.68	51.521	94.9392	137.259	53.0861
140	111.118	193.693	5.21314	53.2429	53.0637	94.7869	135.806	53.0762
141	112.576	191.56	5.37167	53.7973	54.6428	94.6283	134.358	53.0653
142	114.031	189.398	5.53611	54.3429	56.2586	94.4639	132.916	53.0533
143	115.481	187.209	5.70623	54.8796	57.9111	94.2938	131.478	53.0403
144	116.927	184.992	5.8818	55.4073	59.6003	94.1182	130.047	53.0263
145	118.369	182.748	6.06261	55.9257	61.3264	93.9374	128.62	53.0113
146	119.806	180.476	6.24845	56.4348	63.0892	93.7516	127.199	52.9953
147	121.238	178.177	6.4391	56.9345	64.8889	93.5609	125.784	52.9783
148	122.665	175.85	6.63438	57.4247	66.7255	93.3656	124.375	52.9604
149	124.087	173.496	6.83409	57.9053	68.5988	93.1659	122.972	52.9416
150	125.504	171.115	7.03805	58.3763	70.5089	92.9619	121.575	52.9218
151	126.915	168.707	7.24608	58.8376	72.4558	92.7539	120.184	52.9012
152	128.322	166.272	7.458	59.2891	74.4393	92.542	118.799	52.8797
153	129.722	163.81	7.67365	59.731	76.4594	92.3263	117.42	52.8573
154	131.117	161.321	7.89288	60.163	78.5159	92.1071	116.049	52.834
155	132.507	158.806	8.11551	60.5853	80.6088	91.8845	114.683	52.8099
156	133.89	156.264	8.3414	60.9979	82.738	91.6586	113.325	52.785
157	135.268	153.696	8.57041	61.4008	84.9032	91.4296	111.973	52.7592
158	136.64	151.102	8.80239	61.794	87.1044	91.1976	110.628	52.7326
159	138.005	148.481	9.03721	62.1775	89.3414	90.9628	109.289	52.7052
160	139.365	145.835	9.27475	62.5515	91.614	90.7253	107.958	52.6769
161	140.718	143.162	9.51486	62.916	93.922	90.4851	106.634	52.6479
162	142.065	140.464	9.75744	63.271	96.2653	90.2426	105.317	52.618
163	143.406	137.74	10.0024	63.6167	98.6436	89.9976	104.007	52.5873
164	144.74	134.99	10.2495	63.9531	101.057	89.7505	102.704	52.5559
165	146.068	132.215	10.4988	64.2804	103.504	89.5012	101.409	52.5236
166	147.389	129.415	10.7501	64.5985	105.986	89.2499	100.121	52.4905
167	148.703	126.59	11.0033	64.9078	108.503	88.9967	98.8402	52.4566
168	150.011	123.739	11.2584	65.2081	111.053	88.7416	97.5671	52.4219
169	151.312	120.864	11.5151	65.4998	113.636	88.4849	96.3016	52.3864
170	152.606	117.964	11.7735	65.7829	116.253	88.2265	95.0437	52.3501
171	153.894	115.039	12.0335	66.0575	118.904	87.9665	93.7934	52.313
172	155.174	112.09	12.2949	66.3238	121.587	87.7051	92.5509	52.275
173	156.448	109.116	12.5577	66.5819	124.302	87.4423	91.3161	52.2363
174	157.714	106.118	12.8218	66.8319	127.05	87.1782	90.0891	52.1967
175	158.974	103.096	13.0872	67.074	129.83	86.9128	88.87	52.1563
176	160.226	100.05	13.3537	67.3084	132.642	86.6463	87.6588	52.1151
177	161.471	96.9802	13.6213	67.5352	135.485	86.3787	86.4556	52.073
178	162.71	93.8867	13.8899	67.7545	138.359	86.1101	85.2604	52.0301
179	163.941	90.7697	14.1595	67.9666	141.264	85.8405	84.0732	51.9863
180	165.164	87.6292	14.43	68.1714	144.199	85.57	82.8941	51.9417
181	166.381	84.4656	14.7013	68.3693	147.165	85.2987	81.7231	51.8962
182	167.59	81.2788	14.9734	68.5603	150.161	85.0266	80.5603	51.8498
183	168.792	78.0691	15.2463	68.7447	153.186	84.7537	79.4057	51.8025
184	169.986	74.8365	15.5198	68.9225	156.241	84.4802	78.2594	51.7543
185	171.173	71.5813	15.7939	69.0939	159.325	84.2061	77.1214	51.7052
186	172.353	68.3037	16.0686	69.2591	162.437	83.9314	75.9917	51.6552
187	173.525	65.0036	16.3438	69.4182	165.578	83.6562	74.8704	51.6043
188	174.69	61.6814	16.6195	69.5714	168.747	83.3805	73.7575	51.5524
189	175.847	58.3372	16.8956	69.7188	171.944	83.1044	72.653	51.4995
190	176.997	54.9711	17.1721	69.8605	175.168	82.8279	71.5571	51.4457
191	178.139	51.5834	17.449	69.9967	178.42	82.551	70.4696	51.3909
192	179.274	48.1741	17.7262	70.1275	181.698	82.2738	69.3908	51.3351
193	180.401	44.7436	18.0036	70.253	185.003	81.9964	68.3205	51.2783
194	181.521	41.2919	18.2813	70.3734	188.335	81.7187	67.2589	51.2204
195	182.633	37.8192	18.5591	70.4887	191.692	81.4409	66.2059	51.1615
196	183.737	34.326	18.8372	70.599	195.075	81.1628	65.1616	51.1016
197	184.833	30.8123	19.1153	70.7043	198.483	80.8847	64.1261	51.0406
198	185.922	27.2785	19.3936	70.8047	201.917	80.6064	63.0994	50.9784
199	187.003	23.725	19.6719	70.9001	205.375	80.3281	62.0814	50.9152
200	188.077	20.1522	19.9503	70.9904	208.857	80.0497	61.0723	50.8508
201	189.143	16.5609	20.2286	71.0751	212.364	79.7714	60.0721	50.7853
202	190.201	12.9522	20.507	71.1537	215.894	79.493	59.0809	50.7186
203	191.251	9.32805	20.7853	71.2243	219.448	79.2147	58.0985	50.6507
204	192.293	5.6935	21.0635	71.2828	223.024	78.9365	57.1252	50.5817
205	193.328	2.06913	21.3416	71.3094	226.621	78.6584	56.1609	50.5113
206	194.355	8.49728e-05	21.6196	69.7782	230.222	78.3804	55.2056	50.4398
207	195.374	8.45287e-05	21.8974	66.304	233.696	78.1026	54.2595	50.367
208	196.385	8.40926e-05	22.175	62.9811	237.019	77.825	53.3224	50.2929
209	197.388	8.36643e-05	22.4524	59.8044	240.195	77.5476	52.3946	50.2175
210	198.383	8.32437e-05	22.7293	56.7689	243.231	77.2707	51.4759	50.1407
211	199.371	8.28305e-05	23.0059	53.8696	246.13	76.9941	50.5665	50.0626
212	200.351	8.24247e-05	23.2821	51.1017	248.898	76.7179	49.6663	49.9831
213	201.322	8.2026e-05	23.5578	48.4604	251.54	76.4422	48.7754	49.9022
214	202.286	8.16343e-05	23.833	45.941	254.059	76.167	47.8939	49.8199
215	203.242	8.12496e-05	24.1076	43.5389	256.461	75.8924	47.0217	49.7362
216	204.19	8.08715e-05	24.3817	41.2496	258.75	75.6183	46.1589	49.651
217	205.13	8.05001e-05	24.6552	39.0687	260.931	75.3448	45.3056	49.5642
218	206.062	8.01351e-05	24.9281	36.992	263.008	75.0719	44.4617	49.476
219	206.987	7.97765e-05	25.2003	35.0153	264.985	74.7997	43.6273	49.3862
220	207.903	7.94242e-05	25.4718	33.1345	266.865	74.5282	42.8024	49.2949
221	208.811	7.90779e-05	25.7426	31.3456	268.654	74.2574	41.987	49.2019
222	209.711	7.87376e-05	26.0128	29.6449	270.355	73.9872	41.1813	49.1073
223	210.604	7.84031e-05	26.2822	28.0285	271.971	73.7178	40.3852	49.0111
224	211.488	7.80745e-05	26.5508	26.493	273.507	73.4492	39.5987	48.9132
225	212.365	7.77515e-05	26.8187	25.0347	274.965	73.1813	38.8219	48.8136
226	213.233	7.7434e-05	27.0858	23.6502	276.35	72.9142	38.0548	48.7123
227	214.093	7.7122e-05	27.3522	22.3364	277.664	72.6478	37.2974	48.6093
228	214.946	7.68153e-05	27.6177	21.09	278.91	72.3823	36.5498	48.5045
229	215.79	7.65138e-05	27.8824	19.908	280.092	72.1176	35.812	48.3978
230	216.627	7.62176e-05	28.1463	18.7875	281.212	71.8537	35.0841	48.2894
231	217.455	7.59263e-05	28.4094	17.7255	282.274	71.5906	34.366	48.1791
232	218.275	7.56401e-05	28.6716	16.7194	283.28	71.3284	33.6578	48.067
233	219.088	7.53587e-05	28.933	15.7666	284.233	71.067	32.9595	47.953
234	219.892	7.50822e-05	29.1936	14.8644	285.135	70.8064	32.2712	47.8371
235	220.688	7.48103e-05	29.4533	14.0106	285.989	70.5467	31.5928	47.7192
236	221.476	7.45431e-05	29.7121	13.2026	286.797	70.2879	30.9245	47.5994
237	222.256	7.42805e-05	29.97	12.4384	287.562	70.03	30.2661	47.4777
238	223.028	7.40223e-05	30.2271	11.7157	288.284	69.7729	29.6179	47.3539
239	223.792	7.37686e-05	30.4833	11.0326	288.967	69.5167	28.9797	47.2282
240	224.548	7.35191e-05	30.7386	10.3869	289.613	69.2614	28.3516	47.1005
241	225.296	7.3274e-05	30.993	9.77687	290.223	69.007	27.7336	46.9707
242	226.035	7.3033e-05	31.2465	9.20068	290.799	68.7535	27.1257	46.8389
243	226.767	7.27962e-05	31.4992	8.6566	291.343	68.5008	26.5281	46.7051
244	227.49	7.25634e-05	31.7509	8.14297	291.857	68.2491	25.9405	46.5692
245	228.206	7.23346e-05	32.0018	7.65823	292.342	67.9982	25.3632	46.4312
246	228.913	7.21098e-05	32.2517	7.20087	292.799	67.7483	24.796	46.2912
247	229.612	7.18888e-05	32.5008	6.76946	293.23	67.4992	24.2391	46.1492
248	230.303	7.16716e-05	32.7489	6.36262	293.637	67.2511	23.6923	46.005
249	230.985	7.14582e-05	32.9961	5.97906	294.021	67.0039	23.1558	45.8589
250	231.66	7.12485e-05	33.2425	5.61753	294.382	66.7575	22.6294	45.7107
251	232.326	7.10424e-05	33.4879	5.27685	294.723	66.5121	22.1133	45.5604
252	232.985	7.08398e-05	33.7324	4.95591	295.044	66.2676	21.6073	45.4082
253	233.635	7.06408e-05	33.976	4.65362	295.346	66.024	21.1115	45.2539
254	234.276	7.04452e-05	34.2187	4.36898	295.631	65.7813	20.6259	45.0977
255	234.91	7.02531e-05	34.4606	4.101	295.899	65.5394	20.1504	44.9395
256	235.536	7.00642e-05	34.7015	3.84878	296.151	65.2985	19.6851	44.7794
257	236.153	6.98787e-05	34.9415	3.61143	296.388	65.0585	19.2298	44.6173
258	236.762	6.96964e-05	35.1806	3.38814	296.612	64.8194	18.7846	44.4535
259	237.363	6.95173e-05	35.4187	3.17812	296.822	64.5813	18.3495	44.2877
260	237.955	6.93414e-05	35.656	2.98062	297.019	64.344	17.9243	44.1203
261	238.54	6.91685e-05	35.8924	2.79493	297.205	64.1076	17.509	43.9511
262	239.116	6.89987e-05	36.1279	2.62038	297.38	63.8721	17.1036	43.7802
263	239.684	6.88318e-05	36.3625	2.45634	297.544	63.6375	16.7081	43.6077
264	240.244	6.86678e-05	36.5962	2.30221	297.698	63.4038	16.3223	43.4336
265	240.796	6.85067e-05	36.829	2.15742	297.843	63.171	15.9462	43.258
266	241.339	6.83484e-05	37.0609	2.02143	297.979	62.9391	15.5796	43.081
267	241.875	6.81929e-05	37.2919	1.89372	298.106	62.7081	15.2227	42.9027
268	242.402	6.80401e-05	37.522	1.77383	298.226	62.478	14.8751	42.7231
269	242.921	6.789e-05	37.7512	1.66128	298.339	62.2488	14.537	42.5423
270	243.432	6.77424e-05	37.9795	1.55565	298.444	62.0205	14.2081	42.3604
271	243.934	6.75973e-05	38.207	1.45654	298.543	61.793	13.8883	42.1775
272	244.429	6.74548e-05	38.4335	1.36355	298.636	61.5665	13.5776	41.9936
273	244.915	6.73146e-05	38.6592	1.27632	298.724	61.3408	13.2758	41.8089
274	245.394	6.71768e-05	38.884	1.19452	298.805	61.116	12.9828	41.6235
275	245.864	6.70413e-05	39.1079	1.11781	298.882	60.8921	12.6985	41.4375
276	246.326	6.6908e-05	39.331	1.0459	298.954	60.669	12.4228	41.251
277	246.78	6.67769e-05	39.5532	0.978488	299.021	60.4468	12.1555	41.0641
278	247.227	6.66479e-05	39.7745	0.915308	299.085	60.2255	11.8965	40.8768
279	247.665	6.65209e-05	39.9949	0.856104	299.144	60.0051	11.6457	40.6894
280	248.095	6.63958e-05	40.2145	0.800634	299.199	59.7855	11.4028	40.502
281	248.518	6.62726e-05	40.4331	0.74867	299.251	59.5669	11.1678	40.3145
282	248.932	6.61512e-05	40.651	0.699999	299.3	59.349	10.9405	40.1273
283	249.339	6.60315e-05	40.868	0.654418	299.346	59.132	10.7208	39.9403
284	249.738	6.59135e-05	41.0841	0.611738	299.388	58.9159	10.5084	39.7538
285	250.129	6.5797e-05	41.2993	0.571779	299.428	58.7007	10.3033	39.5677
286	250.512	6.56819e-05	41.5137	0.534374	299.466	58.4863	10.1053	39.3824
287	250.888	6.55681e-05	41.7273	0.499365	299.501	58.2727	9.91413	39.1977
288	251.256	6.54557e-05	41.94	0.466601	299.533	58.06	9.72973	39.014
289	251.617	6.53443e-05	42.1519	0.435944	299.564	57.8481	9.55192	38.8312
290	251.97	6.5234e-05	42.3629	0.407261	299.593	57.6371	9.38051	38.6496
291	252.315	6.51246e-05	42.573	0.38043	299.62	57.427	9.21535	38.4692
292	252.654	6.5016e-05	42.7824	0.355332	299.645	57.2176	9.05628	38.2901
293	252.984	6.4908e-05	42.9909	0.331861	299.668	57.0091	8.90312	38.1124
294	253.308	6.48006e-05	43.1986	0.309912	299.69	56.8014	8.75572	37.9363
295	253.624	6.46935e-05	43.4054	0.28939	299.711	56.5946	8.61392	37.7619
296	253.933	6.45867e-05	43.6114	0.270203	299.73	56.3886	8.47754	37.5892
297	254.235	6.448e-05	43.8166	0.252268	299.748	56.1834	8.34644	37.4183
298	254.53	6.43731e-05	44.0209	0.235504	299.764	55.9791	8.22045	37.2493
299	254.818	6.4266e-05	44.2245	0.219837	299.78	55.7755	8.09943	37.0824
300	255.099	6.41585e-05	44.4272	0.205196	299.795	55.5728	7.98321	36.9176
301	255.373	6.40502e-05	44.6291	0.191515	299.808	55.3709	7.87166	36.7549
302	255.641	6.39412e-05	44.8302	0.178734	299.821	55.1698	7.76461	36.5945
303	255.902	6.3831e-05	45.0305	0.166794	299.833	54.9695	7.66193	36.4364
304	256.156	6.37195e-05	45.23	0.15564	299.844	54.77	7.56348	36.2808
305	256.403	6.36064e-05	45.4287	0.145222	299.855	54.5713	7.46912	36.1275
306	256.644	6.34915e-05	45.6265	0.135493	299.864	54.3735	7.37872	35.9769
307	256.879	6.33745e-05	45.8236	0.126407	299.874	54.1764	7.29214	35.8287
308	257.108	6.32551e-05	46.0199	0.117924	299.882	53.9801	7.20926	35.6832
309	257.33	6.31331e-05	46.2154	0.110003	299.89	53.7846	7.12995	35.5404
310	257.546	6.30079e-05	46.4101	0.102607	299.897	53.5899	7.05409	35.4003
311	257.755	6.28794e-05	46.604	0.0957039	299.904	53.396	6.98157	35.2629
312	257.959	6.27472e-05	46.7971	0.0892599	299.911	53.2029	6.91228	35.1284
313	258.157	6.26108e-05	46.9894	0.0832453	299.917	53.0106	6.8461	34.9966
314	258.349	6.24699e-05	47.181	0.0776318	299.922	52.819	6.78292	34.8677
315	258.536	6.2324e-05	47.3717	0.0723932	299.928	52.6283	6.72266	34.7416
316	258.716	6.21726e-05	47.5617	0.0675047	299.932	52.4383	6.6652	34.6185
317	258.891	6.20154e-05	47.751	0.0629433	299.937	52.249	6.61045	34.4982
318	259.061	6.18518e-05	47.9394	0.0586874	299.941	52.0606	6.55832	34.3808
319	259.225	6.16812e-05	48.1271	0.0547168	299.945	51.8729	6.50872	34.2664
320	259.384	6.15031e-05	48.314	0.0510127	299.949	51.686	6.46157	34.1549
321	259.537	6.13169e-05	48.5002	0.0475573	299.952	51.4998	6.41678	34.0463
322	259.685	6.1122e-05	48.6856	0.0443342	299.956	51.3144	6.37428	33.9407
323	259.828	6.09177e-05	48.8702	0.0413279	299.959	51.1298	6.33399	33.838
324	259.966	6.07034e-05	49.0541	0.038524	299.961	50.9459	6.29583	33.7382
325	260.099	6.04783e-05	49.2372	0.035909	299.964	50.7628	6.25974	33.6414
326	260.227	6.02418e-05	49.4196	0.0334704	299.966	50.5804	6.22565	33.5474
327	260.35	5.9993e-05	49.6013	0.0311964	299.969	50.3987	6.19349	33.4564
328	260.469	5.97312e-05	49.7822	0.029076	299.971	50.2178	6.16321	33.3682
329	260.582	5.94555e-05	49.9623	0.0270988	299.973	50.0377	6.13474	33.2829
330	260.692	5.91651e-05	50.1417	0.0252554	299.975	49.8583	6.10803	33.2004
331	260.796	5.88591e-05	50.3204	0.0235367	299.976	49.6796	6.08302	33.1208
332	260.896	5.85366e-05	50.4984	0.0219344	299.978	49.5016	6.05967	33.044
333	260.992	5.81968e-05	50.6756	0.0204407	299.98	49.3244	6.03792	32.97
334	261.083	5.78386e-05	50.8521	0.0190483	299.981	49.1479	6.01772	32.8988
335	261.171	5.74611e-05	51.0278	0.0177503	299.982	48.9722	5.99903	32.8303
336	261.254	5.70634e-05	51.2028	0.0165404	299.983	48.7972	5.9818	32.7645
337	261.333	5.66445e-05	51.3772	0.0154128	299.985	48.6228	5.966	32.7015
338	261.407	5.62035e-05	51.5508	0.0143617	299.986	48.4492	5.95158	32.641
339	261.478	5.57394e-05	51.7236	0.0133821	299.987	48.2764	5.93851	32.5833
340	261.545	5.52514e-05	51.8958	0.0124692	299.987	48.1042	5.92675	32.5281
341	261.608	5.47386e-05	52.0673	0.0116183	299.988	47.9327	5.91626	32.4755
342	261.668	5.42001e-05	52.238	0.0108255	299.989	47.762	5.90702	32.4255
343	261.723	5.36351e-05	52.408	0.0100866	299.99	47.592	5.89899	32.3779
344	261.775	5.3043e-05	52.5774	0.00939807	299.991	47.4226	5.89213	32.3329
345	261.823	5.24231e-05	52.746	0.00875651	299.991	47.254	5.88643	32.2903
346	261.868	5.17747e-05	52.914	0.0081587	299.992	47.086	5.88185	32.2502
347	261.909	5.10975e-05	53.0812	0.00760169	299.992	46.9188	5.87836	32.2124
348	261.947	5.03912e-05	53.2478	0.00708271	299.993	46.7522	5.87595	32.177
349	261.981	4.96555e-05	53.4136	0.00659916	299.993	46.5864	5.87459	32.1439
350	262.013	4.88903e-05	53.5788	0.00614865	299.994	46.4212	5.87425	32.1131
351	262.04	4.80958e-05	53.7433	0.00572893	299.994	46.2567	5.87492	32.0846
352	262.065	4.72722e-05	53.9071	0.00533791	299.995	46.0929	5.87657	32.0583
353	262.087	4.64199e-05	54.0702	0.00497362	299.995	45.9298	5.87918	32.0342
354	262.105	4.55395e-05	54.2326	0.00463425	299.995	45.7674	5.88273	32.0123
355	262.12	4.46319e-05	54.3944	0.00431811	299.996	45.6056	5.88721	31.9925
356	262.133	4.36981e-05	54.5555	0.0040236	299.996	45.4445	5.8926	31.9748
357	262.142	4.27392e-05	54.7159	0.00374925	299.996	45.2841	5.89888	31.9592
358	262.148	4.17568e-05	54.8757	0.00349369	299.996	45.1243	5.90603	31.9456
359	262.152	4.07523e-05	55.0347	0.00325563	299.997	44.9653	5.91405	31.934
360	262.153	3.97276e-05	55.1932	0.00303388	299.997	44.8068	5.92291	31.9244
361	262.151	3.86847e-05	55.3509	0.00282731	299.997	44.6491	5.93261	31.9168
362	262.146	3.76258e-05	55.508	0.0026349	299.997	44.492	5.94312	31.911
363	262.138	3.6553e-05	55.6645	0.00245567	299.998	44.3355	5.95445	31.9071
364	262.128	3.54689e-05	55.8203	0.00228871	299.998	44.1797	5.96657	31.9051
365	262.116	3.4376e-05	55.9754	0.0021332	299.998	44.0246	5.97947	31.9049
366	262.1	3.32769e-05	56.1299	0.00198833	299.998	43.8701	5.99315	31.9065
367	262.083	3.21743e-05	56.2837	0.00185339	299.998	43.7163	6.0076	31.9098
368	262.062	3.10709e-05	56.4369	0.00172769	299.998	43.5631	6.02279	31.9149
369	262.04	2.99695e-05	56.5895	0.00161059	299.998	43.4105	6.03874	31.9217
370	262.014	2.88727e-05	56.7414	0.00150151	299.998	43.2586	6.05542	31.9301
371	261.987	2.77831e-05	56.8927	0.00139989	299.999	43.1073	6.07283	31.9402
372	261.957	2.67035e-05	57.0433	0.00130522	299.999	42.9567	6.09095	31.9519
373	261.925	2.56362e-05	57.1934	0.00121702	299.999	42.8066	6.1098	31.9652
374	261.891	2.45835e-05	57.3427	0.00113485	299.999	42.6573	6.12934	31.9801
375	261.854	2.35478e-05	57.4915	0.00105829	299.999	42.5085	6.14959	31.9965
376	261.815	2.25311e-05	57.6396	0.000986954	299.999	42.3604	6.17053	32.0144
377	261.774	2.15352e-05	57.7871	0.000920483	299.999	42.2129	6.19216	32.0338
378	261.731	2.05618e-05	57.934	0.000858541	299.999	42.066	6.21447	32.0546
379	261.686	1.96126e-05	58.0803	0.000800817	299.999	41.9197	6.23745	32.0769
380	261.638	1.86887e-05	58.2259	0.000747021	299.999	41.7741	6.2611	32.1006
381	261.589	1.77913e-05	58.371	0.000696883	299.999	41.629	6.28542	32.1256
382	261.538	1.69214e-05	58.5154	0.00065015	299.999	41.4846	6.31041	32.1521
383	261.484	1.60797e-05	58.6592	0.00060659	299.999	41.3408	6.33605	32.1798
384	261.429	1.52668e-05	58.8024	0.000565983	299.999	41.1976	6.36234	32.2089
385	261.371	1.4483e-05	58.945	0.000528127	299.999	41.055	6.38928	32.2393
386	261.312	1.37286e-05	59.087	0.000492834	299.999	40.913	6.41687	32.2709
387	261.251	1.30036e-05	59.2284	0.000459927	300.0	40.7716	6.44511	32.3038
388	261.188	1.2308e-05	59.3692	0.000429243	300.0	40.6308	6.47398	32.3379
389	261.123	1.16415e-05	59.5094	0.00040063	300.0	40.4906	6.50349	32.3731
390	261.057	1.10039e-05	59.649	0.000373947	300.0	40.351	6.53363	32.4096
391	260.988	1.03946e-05	59.788	0.000349061	300.0	40.212	6.56441	32.4472
392	260.918	9.81328e-06	59.9265	0.00032585	300.0	40.0735	6.59582	32.486
393	260.846	9.25919e-06	60.0643	0.000304199	300.0	39.9357	6.62785	32.5259
394	260.773	8.73172e-06	60.2015	0.000284003	300.0	39.7985	6.66052	32.5669
395	260.697	8.23012e-06	60.3382	0.000265162	300.0	39.6618	6.6938	32.6089
396	260.62	7.75361e-06	60.4743	0.000247585	300.0	39.5257	6.72771	32.652
397	260.542	7.3014e-06	60.6098	0.000231184	300.0	39.3902	6.76225	32.6962
398	260.461	6.87262e-06	60.7448	0.000215882	300.0	39.2552	6.7974	32.7414
399	260.379	6.46644e-06	60.8791	0.000201603	300.0	39.1209	6.83318	32.7875
400	260.296	6.08197e-06	61.0129	0.000188277	300.0	38.9871	6.86957	32.8347
401	260.211	5.71833e-06	61.1462	0.000175841	300.0	38.8538	6.90659	32.8828
402	260.124	5.37465e-06	61.2788	0.000164235	300.0	38.7212	6.94422	32.9319
403	260.036	5.05005e-06	61.4109	0.000153402	300.0	38.5891	6.98247	32.9819
404	259.946	4.74368e-06	61.5424	0.000143291	300.0	38.4576	7.02133	33.0328
405	259.855	4.45468e-06	61.6734	0.000133852	300.0	38.3266	7.06082	33.0846
406	259.762	4.18223e-06	61.8038	0.000125041	300.0	38.1962	7.10092	33.1373
407	259.667	3.92552e-06	61.9337	0.000116815	300.0	38.0663	7.14164	33.1909
408	259.572	3.68376e-06	62.063	0.000109136	300.0	37.937	7.18298	33.2453
409	259.475	3.45618e-06	62.1917	0.000101965	300.0	37.8083	7.22494	33.3005
410	259.376	3.24205e-06	62.3199	9.52708e-05	300.0	37.6801	7.26751	33.3566
411	259.276	3.04066e-06	62.4476	8.90196e-05	300.0	37.5524	7.31071	33.4135
412	259.174	2.85131e-06	62.5747	8.31823e-05	300.0	37.4253	7.35452	33.4711
413	259.072	2.67335e-06	62.7012	7.77313e-05	300.0	37.2988	7.39896	33.5295
414	258.967	2.50618e-06	62.8272	7.26407e-05	300.0	37.1728	7.44402	33.5887
415	258.862	2.34914e-06	62.9527	6.78864e-05	300.0	37.0473	7.4897	33.6486
416	258.755	2.20171e-06	63.0777	6.34462e-05	300.0	36.9223	7.53601	33.7093
417	258.646	2.06331e-06	63.2021	5.9299e-05	300.0	36.7979	7.58294	33.7706
418	258.537	1.93343e-06	63.3259	5.54254e-05	300.0	36.6741	7.6305	33.8327
419	258.426	1.81156e-06	63.4493	5.18071e-05	300.0	36.5507	7.67868	33.8955
420	258.314	1.69725e-06	63.5721	4.84272e-05	300.0	36.4279	7.7275	33.9589
421	258.2	1.59005e-06	63.6944	4.52698e-05	300.0	36.3056	7.77694	34.023
422	258.085	1.48952e-06	63.8161	4.23203e-05	300.0	36.1839	7.82702	34.0878
423	257.969	1.39528e-06	63.9374	3.95647e-05	300.0	36.0626	7.87774	34.1532
424	257.852	1.30693e-06	64.0581	3.69902e-05	300.0	35.9419	7.92909	34.2192
425	257.733	1.22414e-06	64.1783	3.45849e-05	300.0	35.8217	7.98108	34.2858
426	257.613	1.14655e-06	64.298	3.23376e-05	300.0	35.702	8.03371	34.353
427	257.492	1.07385e-06	64.4171	3.02377e-05	300.0	35.5829	8.08698	34.4208
428	257.37	1.00574e-06	64.5358	2.82756e-05	300.0	35.4642	8.14089	34.4892
429	257.246	9.4193e-07	64.6539	2.64421e-05	300.0	35.3461	8.19545	34.5582
430	257.122	8.82162e-07	64.7715	2.47288e-05	300.0	35.2285	8.25066	34.6277
431	256.996	8.26183e-07	64.8887	2.31276e-05	300.0	35.1113	8.30652	34.6978
432	256.869	7.73755e-07	65.0053	2.16313e-05	300.0	34.9947	8.36304	34.7684
433	256.74	7.24657e-07	65.1214	2.02328e-05	300.0	34.8786	8.42021	34.8395
434	256.611	6.78681e-07	65.237	1.89258e-05	300.0	34.763	8.47803	34.9111
435	256.48	6.3563e-07	65.3521	1.77042e-05	300.0	34.6479	8.53652	34.9832
436	256.349	5.95321e-07	65.4667	1.65624e-05	300.0	34.5333	8.59567	35.0558
437	256.216	5.5758e-07	65.5809	1.54951e-05	300.0	34.4191	8.65549	35.1289
438	256.082	5.22246e-07	65.6945	1.44975e-05	300.0	34.3055	8.71598	35.2025
439	255.946	4.89165e-07	65.8076	1.3565e-05	300.0	34.1924	8.77713	35.2765
440	255.81	4.58195e-07	65.9203	1.26932e-05	300.0	34.0797	8.83896	35.3509
441	255.673	4.29203e-07	66.0324	1.18782e-05	300.0	33.9676	8.90147	35.4258
442	255.534	4.02063e-07	66.1441	1.11163e-05	300.0	33.8559	8.96466	35.5012
443	255.395	3.76653e-07	66.2553	1.0404e-05	300.0	33.7447	9.02853	35.5769
444	255.254	3.52869e-07	66.366	9.73802e-06	300.0	33.634	9.09309	35.6531
445	255.112	3.30605e-07	66.4763	9.11535e-06	300.0	33.5237	9.15833	35.7296
446	254.969	3.09763e-07	66.586	8.53313e-06	300.0	33.414	9.22427	35.8066
447	254.825	2.90253e-07	66.6953	7.98874e-06	300.0	33.3047	9.2909	35.8839
448	254.68	2.71989e-07	66.8041	7.47968e-06	300.0	33.1959	9.35823	35.9616
449	254.534	2.54893e-07	66.9124	7.00364e-06	300.0	33.0876	9.42626	36.0397
450	254.387	2.38889e-07	67.0203	6.55846e-06	300.0	32.9797	9.49499	36.1181
451	254.239	2.23907e-07	67.1277	6.14215e-06	300.0	32.8723	9.56444	36.1969
452	254.089	2.09883e-07	67.2346	5.7528e-06	300.0	32.7654	9.63459	36.276
453	253.939	1.96754e-07	67.3411	5.38866e-06	300.0	32.6589	9.70546	36.3554
454	253.788	1.84463e-07	67.4471	5.04808e-06	300.0	32.5529	9.77704	36.4352
455	253.635	1.72958e-07	67.5526	4.72953e-06	300.0	32.4474	9.84935	36.5153
456	253.482	1.62187e-07	67.6577	4.43156e-06	300.0	32.3423	9.92238	36.5957
457	253.328	1.52103e-07	67.7623	4.15285e-06	300.0	32.2377	9.99614	36.6763
458	253.172	1.42661e-07	67.8665	3.89214e-06	300.0	32.1335	10.0706	36.7573
459	253.016	1.33823e-07	67.9702	3.64824e-06	300.0	32.0298	10.1459	36.8385
460	252.858	1.25549e-07	68.0735	3.42008e-06	300.0	31.9265	10.2218	36.92
461	252.7	1.17801e-07	68.1763	3.20663e-06	300.0	31.8237	10.2985	37.0018
462	252.54	1.10545e-07	68.2786	3.00693e-06	300.0	31.7214	10.376	37.0839
463	252.38	1.03754e-07	68.3805	2.82008e-06	300.0	31.6195	10.4542	37.1661
464	252.218	9.73934e-08	68.482	2.64527e-06	300.0	31.518	10.5331	37.2487
465	252.056	9.14381e-08	68.583	2.48169e-06	300.0	31.417	10.6128	37.3314
466	251.892	8.58614e-08	68.6836	2.32863e-06	300.0	31.3164	10.6933	37.4144
467	251.728	8.06396e-08	68.7838	2.18541e-06	300.0	31.2162	10.7746	37.4976
468	251.562	7.57491e-08	68.8835	2.05138e-06	300.0	31.1165	10.8566	37.5811
469	251.396	7.11694e-08	68.9828	1.92595e-06	300.0	31.0172	10.9393	37.6647
470	251.229	6.68817e-08	69.0816	1.80856e-06	300.0	30.9184	11.0229	37.7485
471	251.06	6.28639e-08	69.18	1.6987e-06	300.0	30.82	11.1072	37.8325
472	250.891	5.9102e-08	69.278	1.59588e-06	300.0	30.722	11.1923	37.9167
473	250.721	5.55785e-08	69.3755	1.49964e-06	300.0	30.6245	11.2782	38.0011
474	250.549	5.22783e-08	69.4727	1.40957e-06	300.0	30.5273	11.3649	38.0856
475	250.377	4.91871e-08	69.5694	1.32525e-06	300.0	30.4306	11.4524	38.1703
476	250.204	4.62915e-08	69.6656	1.24632e-06	300.0	30.3344	11.5406	38.2552
477	250.03	4.35792e-08	69.7615	1.17243e-06	300.0	30.2385	11.6297	38.3402
478	249.855	4.10383e-08	69.8569	1.10326e-06	300.0	30.1431	11.7196	38.4254
479	249.679	3.8658e-08	69.9519	1.0385e-06	300.0	30.0481	11.8103	38.5107
480	249.502	3.64281e-08	70.0465	9.77876e-07	300.0	29.9535	11.9018	38.5961
481	249.324	3.43389e-08	70.1407	9.21112e-07	300.0	29.8593	11.9941	38.6817
482	249.145	3.23816e-08	70.2345	8.67964e-07	300.0	29.7655	12.0873	38.7673
483	248.966	3.05478e-08	70.3278	8.18199e-07	300.0	29.6722	12.1812	38.8531
484	248.785	2.88296e-08	70.4208	7.71601e-07	300.0	29.5792	12.276	38.939
485	248.603	2.72196e-08	70.5133	7.27965e-07	300.0	29.4867	12.3717	39.025
486	248.421	2.57111e-08	70.6055	6.87103e-07	300.0	29.3945	12.4681	39.1111
487	248.237	2.42974e-08	70.6972	6.48835e-07	300.0	29.3028	12.5654	39.1972
488	248.053	2.29728e-08	70.7885	6.12997e-07	300.0	29.2115	12.6636	39.2835
489	247.868	2.17314e-08	70.8794	5.79432e-07	300.0	29.1206	12.7626	39.3698
490	247.681	2.05681e-08	70.97	5.47996e-07	300.0	29.03	12.8624	39.4562
491	247.494	1.94779e-08	71.0601	5.18552e-07	300.0	28.9399	12.9631	39.5426
492	247.306	1.84562e-08	71.1498	4.90973e-07	300.0	28.8502	13.0647	39.6291
493	247.117	1.74986e-08	71.2391	4.6514e-07	300.0	28.7609	13.1671	39.7157
494	246.927	1.66011e-08	71.3281	4.40941e-07	300.0	28.6719	13.2704	39.8023
495	246.736	1.57599e-08	71.4166	4.18272e-07	300.0	28.5834	13.3746	39.889
496	246.545	1.49714e-08	71.5048	3.97036e-07	300.0	28.4952	13.4796	39.9757
497	246.352	1.42324e-08	71.5926	3.77141e-07	300.0	28.4074	13.5855	40.0624
498	246.159	1.35396e-08	71.6799	3.58502e-07	300.0	28.3201	13.6923	40.1491
499	245.964	1.28903e-08	71.7669	3.4104e-07	300.0	28.2331	13.8	40.2359
500	245.769	1.22817e-08	71.8535	3.24679e-07	300.0	28.1465	13.9085	40.3226
501	245.573	1.17112e-08	71.9398	3.09349e-07	300.0	28.0602	14.018	40.4094
502	245.375	1.11764e-08	72.0256	2.94986e-07	300.0	27.9744	14.1283	40.4962
503	245.177	1.0675e-08	72.1111	2.81527e-07	300.0	27.8889	14.2396	40.583
504	244.978	1.02051e-08	72.1962	2.68916e-07	300.0	27.8038	14.3518	40.6698
505	244.779	9.76452e-09	72.2809	2.57099e-07	300.0	27.7191	14.4648	40.7565
506	244.578	9.35153e-09	72.3652	2.46025e-07	300.0	27.6348	14.5788	40.8433
507	244.376	8.96441e-09	72.4492	2.35647e-07	300.0	27.5508	14.6937	40.93
508	244.174	8.60156e-09	72.5328	2.25922e-07	300.0	27.4672	14.8095	41.0167
509	243.97	8.26148e-09	72.616	2.16808e-07	300.0	27.384	14.9262	41.1034
510	243.766	7.94269e-09	72.6989	2.08267e-07	300.0	27.3011	15.0439	41.19
511	243.561	7.64381e-09	72.7814	2.00263e-07	300.0	27.2186	15.1625	41.2766
512	243.355	7.36358e-09	72.8635	1.92761e-07	300.0	27.1365	15.282	41.3631
513	243.148	7.10079e-09	72.9453	1.85731e-07	300.0	27.0547	15.4024	41.4496
514	242.94	6.85453e-09	73.0267	1.79142e-07	300.0	26.9733	15.5238	41.536
515	242.731	6.62391e-09	73.1077	1.72966e-07	300.0	26.8923	15.6462	41.6224
516	242.522	6.40787e-09	73.1884	1.67178e-07	300.0	26.8116	15.7694	41.7087
517	242.311	6.2056e-09	73.2687	1.61753e-07	300.0	26.7313	15.8937	41.7949
518	242.1	6.01602e-09	73.3487	1.56669e-07	300.0	26.6513	16.0189	41.8811
519	241.888	5.83804e-09	73.4283	1.51905e-07	300.0	26.5717	16.145	41.9672
520	241.675	5.67091e-09	73.5075	1.47439e-07	300.0	26.4925	16.2721	42.0532
521	241.461	5.51425e-09	73.5864	1.43255e-07	300.0	26.4136	16.4001	42.1391
522	241.246	5.36756e-09	73.665	1.39333e-07	300.0	26.335	16.5292	42.2249
523	241.03	5.23067e-09	73.7432	1.35658e-07	300.0	26.2568	16.6592	42.3106
524	240.814	5.10356e-09	73.8211	1.32212e-07	300.0	26.1789	16.7901	42.3963
525	240.596	4.98485e-09	73.8986	1.28983e-07	300.0	26.1014	16.9221	42.4818
526	240.378	4.87319e-09	73.9757	1.25957e-07	300.0	26.0243	17.055	42.5672
527	240.159	4.76649e-09	74.0526	1.23125e-07	300.0	25.9474	17.1889	42.6525
528	239.939	4.66678e-09	74.1291	1.20471e-07	300.0	25.8709	17.3238	42.7377
529	239.718	4.57455e-09	74.2052	1.17982e-07	300.0	25.7948	17.4596	42.8227
530	239.496	4.48824e-09	74.281	1.1565e-07	300.0	25.719	17.5965	42.9077
531	239.273	4.40757e-09	74.3565	1.13467e-07	300.0	25.6435	17.7343	42.9925
532	239.05	4.33216e-09	74.4316	1.11423e-07	300.0	25.5684	17.8732	43.0772
533	238.825	4.26169e-09	74.5064	1.09508e-07	300.0	25.4936	18.013	43.1617
534	238.6	4.19582e-09	74.5809	1.07715e-07	300.0	25.4191	18.1539	43.2461
535	238.374	4.13431e-09	74.655	1.06036e-07	300.0	25.345	18.2957	43.3304
536	238.147	4.07688e-09	74.7288	1.04465e-07	300.0	25.2712	18.4386	43.4145
537	237.919	4.02327e-09	74.8023	1.02993e-07	300.0	25.1977	18.5824	43.4985
538	237.69	3.97326e-09	74.8754	1.01616e-07	300.0	25.1246	18.7273	43.5823
539	237.461	3.92665e-09	74.9482	1.00328e-07	300.0	25.0518	18.8732	43.6659
540	237.23	3.88321e-09	75.0207	9.91225e-08	300.0	24.9793	19.0201	43.7494
541	236.999	3.84276e-09	75.0929	9.7995e-08	300.0	24.9071	19.168	43.8328
542	236.767	3.80511e-09	75.1648	9.69405e-08	300.0	24.8352	19.317	43.9159
543	236.534	3.7701e-09	75.2363	9.59547e-08	300.0	24.7637	19.467	43.9989
544	236.3	3.73756e-09	75.3075	9.50333e-08	300.0	24.6925	19.618	44.0818
545	236.066	3.70737e-09	75.3784	9.41725e-08	300.0	24.6216	19.77	44.1644
546	235.83	3.67937e-09	75.449	9.33687e-08	300.0	24.551	19.923	44.2469
547	235.594	3.65344e-09	75.5192	9.26183e-08	300.0	24.4808	20.0771	44.3292
548	235.356	3.62946e-09	75.5892	9.19181e-08	300.0	24.4108	20.2323	44.4113
549	235.118	3.6073e-09	75.6588	9.12651e-08	300.0	24.3412	20.3884	44.4932
550	234.879	3.58687e-09	75.7281	9.06564e-08	300.0	24.2719	20.5456	44.5749
551	234.64	3.56806e-09	75.7971	9.00892e-08	300.0	24.2029	20.7039	44.6564
552	234.399	3.55076e-09	75.8658	8.95612e-08	300.0	24.1342	20.8632	44.7377
553	234.158	3.53491e-09	75.9342	8.90697e-08	300.0	24.0658	21.0235	44.8189
554	233.915	3.5204e-09	76.0023	8.86128e-08	300.0	23.9977	21.1849	44.8998
555	233.672	3.50717e-09	76.0701	8.81883e-08	300.0	23.9299	21.3473	44.9805
556	233.428	3.49513e-09	76.1376	8.77942e-08	300.0	23.8624	21.5108	45.061
557	233.183	3.48422e-09	76.2047	8.74287e-08	300.0	23.7953	21.6753	45.1413
558	232.938	3.47438e-09	76.2716	8.70902e-08	300.0	23.7284	21.8409	45.2214
559	232.691	3.46554e-09	76.3382	8.67769e-08	300.0	23.6618	22.0076	45.3013
560	232.444	3.45764e-09	76.4045	8.64875e-08	300.0	23.5955	22.1753	45.3809
561	232.196	3.45064e-09	76.4704	8.62204e-08	300.0	23.5296	22.3441	45.4603
562	231.947	3.44448e-09	76.5361	8.59745e-08	300.0	23.4639	22.5139	45.5395
563	231.697	3.43912e-09	76.6015	8.57483e-08	300.0	23.3985	22.6848	45.6185
564	231.446	3.4345e-09	76.6666	8.55407e-08	300.0	23.3334	22.8567	45.6973
565	231.194	3.43059e-09	76.7314	8.53507e-08	300.0	23.2686	23.0298	45.7758
566	230.942	3.42735e-09	76.7959	8.51772e-08	300.0	23.2041	23.2038	45.8541
567	230.689	3.42474e-09	76.8602	8.50193e-08	300.0	23.1398	23.379	45.9321
568	230.435	3.42273e-09	76.9241	8.4876e-08	300.0	23.0759	23.5552	46.0099
569	230.18	3.42129e-09	76.9878	8.47465e-08	300.0	23.0122	23.7325	46.0875
570	229.924	3.42038e-09	77.0511	8.46301e-08	300.0	22.9489	23.9109	46.1648
571	229.668	3.41997e-09	77.1142	8.45258e-08	300.0	22.8858	24.0903	46.2419
572	229.41	3.42005e-09	77.177	8.4433e-08	300.0	22.823	24.2708	46.3188
573	229.152	3.42057e-09	77.2395	8.43511e-08	300.0	22.7605	24.4524	46.3954
574	228.893	3.42153e-09	77.3017	8.42794e-08	300.0	22.6983	24.6351	46.4717
575	228.633	3.42289e-09	77.3637	8.42173e-08	300.0	22.6363	24.8188	46.5478
576	228.373	3.42463e-09	77.4254	8.41643e-08	300.0	22.5746	25.0036	46.6237
577	228.111	3.42674e-09	77.4868	8.41198e-08	300.0	22.5132	25.1895	46.6993
578	227.849	3.4292e-09	77.5479	8.40835e-08	300.0	22.4521	25.3765	46.7746
579	227.586	3.43198e-09	77.6087	8.40547e-08	300.0	22.3913	25.5646	46.8497
580	227.322	3.43509e-09	77.6693	8.40332e-08	300.0	22.3307	25.7537	46.9245
581	227.057	3.43849e-09	77.7296	8.40185e-08	300.0	22.2704	25.9439	46.999
582	226.791	3.44217e-09	77.7896	8.40102e-08	300.0	22.2104	26.1352	47.0733
583	226.525	3.44613e-09	77.8494	8.4008e-08	300.0	22.1506	26.3276	47.1474
584	226.258	3.45034e-09	77.9088	8.40116e-08	300.0	22.0912	26.521	47.2211
585	225.99	3.4548e-09	77.9681	8.40207e-08	300.0	22.0319	26.7156	47.2946
586	225.721	3.4595e-09	78.027	8.40349e-08	300.0	21.973	26.9112	47.3678
587	225.451	3.46442e-09	78.0857	8.4054e-08	300.0	21.9143	27.1079	47.4408
588	225.181	3.46955e-09	78.1441	8.40777e-08	300.0	21.8559	27.3057	47.5135
589	224.91	3.4749e-09	78.2023	8.41058e-08	300.0	21.7977	27.5046	47.5859
590	224.637	3.48044e-09	78.2602	8.41381e-08	300.0	21.7398	27.7045	47.658
591	224.365	3.48617e-09	78.3178	8.41743e-08	300.0	21.6822	27.9056	47.7299
592	224.091	3.49208e-09	78.3752	8.42143e-08	300.0	21.6248	28.1077	47.8015
593	223.816	3.49817e-09	78.4323	8.42577e-08	300.0	21.5677	28.3109	47.8728
594	223.541	3.50442e-09	78.4892	8.43045e-08	300.0	21.5108	28.5152	47.9438
595	223.265	3.51084e-09	78.5458	8.43546e-08	300.0	21.4542	28.7206	48.0146
596	222.988	3.51741e-09	78.6021	8.44077e-08	300.0	21.3979	28.927	48.0851
597	222.71	3.52413e-09	78.6582	8.44637e-08	300.0	21.3418	29.1346	48.1553
598	222.432	3.53099e-09	78.714	8.45223e-08	300.0	21.286	29.3432	48.2252
599	222.152	3.53799e-09	78.7696	8.45836e-08	300.0	21.2304	29.5529	48.2948
600	221.872	3.54513e-09	78.8249	8.46475e-08	300.0	21.1751	29.7637	48.3642
601	221.591	3.5524e-09	78.88	8.47137e-08	300.0	21.12	29.9756	48.4332
602	221.309	3.55979e-09	78.9349	8.47821e-08	300.0	21.0651	30.1885	48.502
603	221.027	3.56731e-09	78.9894	8.48528e-08	300.0	21.0106	30.4026	48.5705
604	220.744	3.57495e-09	79.0438	8.49255e-08	300.0	20.9562	30.6177	48.6387
605	220.459	3.5827e-09	79.0979	8.50002e-08	300.0	20.9021	30.8339	48.7066
606	220.175	3.59057e-09	79.1517	8.50768e-08	300.0	20.8483	31.0512	48.7742
607	219.889	3.59855e-09	79.2053	8.51553e-08	300.0	20.7947	31.2695	48.8416
608	219.602	3.60664e-09	79.2587	8.52355e-08	300.0	20.7413	31.489	48.9086
609	219.315	3.61483e-09	79.3118	8.53174e-08	300.0	20.6882	31.7095	48.9754
610	219.027	3.62313e-09	79.3647	8.54009e-08	300.0	20.6353	31.9311	49.0419
611	218.738	3.63153e-09	79.4173	8.5486e-08	300.0	20.5827	32.1537	49.1081
612	218.449	3.64003e-09	79.4697	8.55726e-08	300.0	20.5303	32.3775	49.1739
613	218.158	3.64862e-09	79.5219	8.56607e-08	300.0	20.4781	32.6023	49.2395
614	217.867	3.65731e-09	79.5738	8.57502e-08	300.0	20.4262	32.8282	49.3048
615	217.575	3.6661e-09	79.6255	8.5841e-08	300.0	20.3745	33.0552	49.3699
616	217.282	3.67498e-09	79.677	8.59332e-08	300.0	20.323	33.2832	49.4346
617	216.989	3.68395e-09	79.7282	8.60266e-08	300.0	20.2718	33.5123	49.499
618	216.694	3.69301e-09	79.7792	8.61213e-08	300.0	20.2208	33.7425	49.5632
619	216.399	3.70217e-09	79.83	8.62172e-08	300.0	20.17	33.9737	49.627
620	216.103	3.71141e-09	79.8805	8.63142e-08	300.0	20.1195	34.206	49.6905
621	215.807	3.72073e-09	79.9308	8.64124e-08	300.0	20.0692	34.4394	49.7538
622	215.509	3.73014e-09	79.9809	8.65116e-08	300.0	20.0191	34.6739	49.8168
623	215.211	3.73964e-09	80.0307	8.66119e-08	300.0	19.9693	34.9094	49.8794
624	214.912	3.74923e-09	80.0803	8.67133e-08	300.0	19.9197	35.146	49.9418
625	214.613	3.75889e-09	80.1297	8.68158e-08	300.0	19.8703	35.3836	50.0039
626	214.312	3.76865e-09	80.1789	8.69192e-08	300.0	19.8211	35.6223	50.0657
627	214.011	3.77848e-09	80.2278	8.70235e-08	300.0	19.7722	35.862	50.1272
628	213.709	3.7884e-09	80.2766	8.71288e-08	300.0	19.7234	36.1028	50.1884
629	213.406	3.7984e-09	80.3251	8.72351e-08	300.0	19.6749	36.3447	50.2493
630	213.103	3.80848e-09	80.3734	8.73421e-08	300.0	19.6266	36.5876	50.3099
631	212.798	3.81864e-09	80.4214	8.74502e-08	300.0	19.5786	36.8316	50.3702
632	212.493	3.82888e-09	80.4693	8.75591e-08	300.0	19.5307	37.0766	50.4302
633	212.187	3.83921e-09	80.5169	8.76689e-08	300.0	19.4831	37.3227	50.4899
634	211.881	3.84961e-09	80.5643	8.77795e-08	300.0	19.4357	37.5698	50.5494
635	211.574	3.8601e-09	80.6115	8.7891e-08	300.0	19.3885	37.818	50.6085
636	211.265	3.87066e-09	80.6585	8.80032e-08	300.0	19.3415	38.0672	50.6674
637	210.957	3.88131e-09	80.7052	8.81163e-08	300.0	19.2948	38.3174	50.7259
638	210.647	3.89203e-09	80.7518	8.82302e-08	300.0	19.2482	38.5687	50.7842
639	210.337	3.90284e-09	80.7981	8.83449e-08	300.0	19.2019	38.821	50.8421
640	210.026	3.91373e-09	80.8443	8.84604e-08	300.0	19.1557	39.0744	50.8998
641	209.714	3.9247e-09	80.8902	8.85766e-08	300.0	19.1098	39.3288	50.9572
642	209.401	3.93575e-09	80.9359	8.86937e-08	300.0	19.0641	39.5842	51.0143
643	209.088	3.94688e-09	80.9814	8.88115e-08	300.0	19.0186	39.8407	51.0711
644	208.774	3.95809e-09	81.0267	8.893e-08	300.0	18.9733	40.0982	51.1276
645	208.459	3.96938e-09	81.0718	8.90494e-08	300.0	18.9282	40.3567	51.1839
646	208.144	3.98076e-09	81.1167	8.91694e-08	300.0	18.8833	40.6163	51.2398
647	207.828	3.99222e-09	81.1614	8.92903e-08	300.0	18.8386	40.8768	51.2954
648	207.511	4.00376e-09	81.2058	8.94119e-08	300.0	18.7942	41.1384	51.3508
649	207.193	4.01538e-09	81.2501	8.95342e-08	300.0	18.7499	41.401	51.4059
650	206.875	4.02709e-09	81.2942	8.96573e-08	300.0	18.7058	41.6647	51.4606
651	206.556	4.03888e-09	81.3381	8.97811e-08	300.0	18.6619	41.9293	51.5151
652	206.236	4.05075e-09	81.3817	8.99056e-08	300.0	18.6183	42.195	51.5693
653	205.915	4.06271e-09	81.4252	9.00309e-08	300.0	18.5748	42.4616	51.6233
654	205.594	4.07476e-09	81.4685	9.01569e-08	300.0	18.5315	42.7293	51.6769
655	205.272	4.08689e-09	81.5116	9.02837e-08	300.0	18.4884	42.998	51.7303
656	204.949	4.0991e-09	81.5544	9.04111e-08	300.0	18.4456	43.2677	51.7833
657	204.626	4.1114e-09	81.5971	9.05394e-08	300.0	18.4029	43.5384	51.8361
658	204.301	4.12379e-09	81.6396	9.06683e-08	300.0	18.3604	43.8101	51.8886
659	203.976	4.13627e-09	81.6819	9.0798e-08	300.0	18.3181	44.0828	51.9408
660	203.651	4.14883e-09	81.724	9.09284e-08	300.0	18.276	44.3564	51.9928
661	203.324	4.16148e-09	81.7659	9.10595e-08	300.0	18.2341	44.6311	52.0444
662	202.997	4.17422e-09	81.8076	9.11913e-08	300.0	18.1924	44.9068	52.0958
663	202.67	4.18705e-09	81.8492	9.13239e-08	300.0	18.1508	45.1834	52.1469
664	202.341	4.19996e-09	81.8905	9.14573e-08	300.0	18.1095	45.4611	52.1977
665	202.012	4.21297e-09	81.9317	9.15913e-08	300.0	18.0683	45.7397	52.2482
666	201.682	4.22607e-09	81.9726	9.17261e-08	300.0	18.0274	46.0193	52.2985
667	201.352	4.23926e-09	82.0134	9.18617e-08	300.0	17.9866	46.2999	52.3485
668	201.02	4.25255e-09	82.054	9.19979e-08	300.0	17.946	46.5814	52.3982
669	200.688	4.26592e-09	82.0944	9.21349e-08	300.0	17.9056	46.8639	52.4476
670	200.356	4.27939e-09	82.1346	9.22726e-08	300.0	17.8654	47.1474	52.4968
671	200.022	4.29295e-09	82.1746	9.24111e-08	300.0	17.8254	47.4319	52.5457
672	199.688	4.3066e-09	82.2145	9.25502e-08	300.0	17.7855	47.7173	52.5943
673	199.354	4.32035e-09	82.2542	9.26901e-08	300.0	17.7458	48.0037	52.6426
674	199.018	4.3342e-09	82.2936	9.28308e-08	300.0	17.7064	48.2911	52.6907
675	198.682	4.34815e-09	82.3329	9.29722e-08	300.0	17.6671	48.5794	52.7385
676	198.345	4.36219e-09	82.3721	9.31144e-08	300.0	17.6279	48.8686	52.7861
677	198.008	4.37633e-09	82.411	9.32573e-08	300.0	17.589	49.1589	52.8333
678	197.67	4.39056e-09	82.4498	9.34009e-08	300.0	17.5502	49.45	52.8803
679	197.331	4.4049e-09	82.4884	9.35453e-08	300.0	17.5116	49.7421	52.9271
680	196.991	4.41934e-09	82.5268	9.36905e-08	300.0	17.4732	50.0352	52.9735
681	196.651	4.43388e-09	82.565	9.38364e-08	300.0	17.435	50.3292	53.0197
682	196.31	4.44852e-09	82.6031	9.3983e-08	300.0	17.3969	50.6241	53.0657
683	195.969	4.46326e-09	82.641	9.41304e-08	300.0	17.359	50.92	53.1113
684	195.626	4.4781e-09	82.6787	9.42786e-08	300.0	17.3213	51.2168	53.1567
685	195.284	4.49305e-09	82.7163	9.44275e-08	300.0	17.2837	51.5146	53.2019
686	194.94	4.5081e-09	82.7536	9.45773e-08	300.0	17.2464	51.8132	53.2468
687	194.596	4.52326e-09	82.7908	9.47278e-08	300.0	17.2092	52.1128	53.2914
688	194.251	4.53853e-09	82.8279	9.4879e-08	300.0	17.1721	52.4133	53.3358
689	193.905	4.5539e-09	82.8647	9.50311e-08	300.0	17.1353	52.7147	53.3799
690	193.559	4.56938e-09	82.9014	9.51839e-08	300.0	17.0986	53.0171	53.4238
691	193.212	4.58497e-09	82.9379	9.53375e-08	300.0	17.0621	53.3204	53.4674
692	192.865	4.60067e-09	82.9743	9.54919e-08	300.0	17.0257	53.6245	53.5108
693	192.517	4.61648e-09	83.0105	9.56472e-08	300.0	16.9895	53.9296	53.5539
694	192.168	4.6324e-09	83.0465	9.58032e-08	300.0	16.9535	54.2356	53.5967
695	191.818	4.64844e-09	83.0824	9.596e-08	300.0	16.9176	54.5425	53.6393
696	191.468	4.66458e-09	83.118	9.61176e-08	300.0	16.882	54.8503	53.6817
697	191.117	4.68085e-09	83.1536	9.6276e-08	300.0	16.8464	55.159	53.7238
698	190.766	4.69722e-09	83.1889	9.64352e-08	300.0	16.8111	55.4685	53.7656
699	190.414	4.71372e-09	83.2241	9.65953e-08	300.0	16.7759	55.779	53.8072
700	190.061	4.73033e-09	83.2592	9.67562e-08	300.0	16.7408	56.0904	53.8486
701	189.708	4.74706e-09	83.2941	9.69179e-08	300.0	16.7059	56.4026	53.8897
702	189.354	4.76391e-09	83.3288	9.70804e-08	300.0	16.6712	56.7157	53.9306
703	188.999	4.78087e-09	83.3633	9.72438e-08	300.0	16.6367	57.0297	53.9712
704	188.644	4.79796e-09	83.3978	9.7408e-08	300.0	16.6022	57.3446	54.0116
705	188.288	4.81518e-09	83.432	9.75731e-08	300.0	16.568	57.6604	54.0518
706	187.931	4.83251e-09	83.4661	9.7739e-08	300.0	16.5339	57.977	54.0917
707	187.574	4.84998e-09	83.5	9.79057e-08	300.0	16.5	58.2945	54.1313
708	187.216	4.86756e-09	83.5338	9.80734e-08	300.0	16.4662	58.6129	54.1708
709	186.858	4.88527e-09	83.5674	9.82419e-08	300.0	16.4326	58.9321	54.21
710	186.499	4.90312e-09	83.6009	9.84112e-08	300.0	16.3991	59.2522	54.2489
711	186.139	4.92108e-09	83.6342	9.85814e-08	300.0	16.3658	59.5731	54.2877
712	185.779	4.93918e-09	83.6673	9.87526e-08	300.0	16.3327	59.8949	54.3262
713	185.418	4.95742e-09	83.7004	9.89245e-08	300.0	16.2996	60.2175	54.3644
714	185.057	4.97578e-09	83.7332	9.90974e-08	300.0	16.2668	60.541	54.4025
715	184.694	4.99427e-09	83.7659	9.92712e-08	300.0	16.2341	60.8653	54.4403
716	184.332	5.01291e-09	83.7985	9.94458e-08	300.0	16.2015	61.1905	54.4779
717	183.968	5.03167e-09	83.8309	9.96214e-08	300.0	16.1691	61.5165	54.5152
718	183.604	5.05058e-09	83.8631	9.97978e-08	300.0	16.1369	61.8433	54.5523
719	183.24	5.06962e-09	83.8952	9.99752e-08	300.0	16.1048	62.171	54.5892
720	182.875	5.0888e-09	83.9272	1.00154e-07	300.0	16.0728	62.4995	54.6259
721	182.509	5.10812e-09	83.959	1.00333e-07	300.0	16.041	62.8289	54.6624
722	182.142	5.12758e-09	83.9907	1.00513e-07	300.0	16.0093	63.159	54.6986
723	181.775	5.14719e-09	84.0222	1.00694e-07	300.0	15.9778	63.49	54.7346
724	181.408	5.16694e-09	84.0536	1.00876e-07	300.0	15.9464	63.8218	54.7704
725	181.04	5.18683e-09	84.0848	1.01059e-07	300.0	15.9152	64.1544	54.806
726	180.671	5.20687e-09	84.1159	1.01243e-07	300.0	15.8841	64.4878	54.8413
727	180.302	5.22706e-09	84.1468	1.01428e-07	300.0	15.8532	64.822	54.8765
728	179.932	5.2474e-09	84.1776	1.01613e-07	300.0	15.8224	65.1571	54.9114
729	179.561	5.26789e-09	84.2083	1.018e-07	300.0	15.7917	65.4929	54.9461
730	179.19	5.28853e-09	84.2388	1.01988e-07	300.0	15.7612	65.8295	54.9806
731	178.818	5.30933e-09	84.2692	1.02176e-07	300.0	15.7308	66.167	55.0149
732	178.446	5.33028e-09	84.2994	1.02366e-07	300.0	15.7006	66.5052	55.049
733	178.073	5.35139e-09	84.3295	1.02557e-07	300.0	15.6705	66.8442	55.0828
734	177.7	5.37265e-09	84.3595	1.02748e-07	300.0	15.6405	67.184	55.1165
735	177.325	5.39408e-09	84.3893	1.02941e-07	300.0	15.6107	67.5246	55.1499
736	176.951	5.41566e-09	84.419	1.03135e-07	300.0	15.581	67.866	55.1832
737	176.576	5.43741e-09	84.4485	1.03329e-07	300.0	15.5515	68.2081	55.2162
738	176.2	5.45932e-09	84.4779	1.03525e-07	300.0	15.5221	68.551	55.249
739	175.824	5.48139e-09	84.5072	1.03722e-07	300.0	15.4928	68.8947	55.2817
740	175.447	5.50363e-09	84.5363	1.03919e-07	300.0	15.4637	69.2392	55.3141
741	175.069	5.52604e-09	84.5653	1.04118e-07	300.0	15.4347	69.5844	55.3463
742	174.691	5.54862e-09	84.5942	1.04318e-07	300.0	15.4058	69.9304	55.3784
743	174.313	5.57137e-09	84.6229	1.04518e-07	300.0	15.3771	70.2772	55.4102
744	173.934	5.59429e-09	84.6516	1.0472e-07	300.0	15.3484	70.6247	55.4418
745	173.554	5.61739e-09	84.68	1.04923e-07	300.0	15.32	70.9729	55.4733
746	173.174	5.64066e-09	84.7084	1.05127e-07	300.0	15.2916	71.322	55.5045
747	172.793	5.66411e-09	84.7366	1.05332e-07	300.0	15.2634	71.6717	55.5355
748	172.411	5.68774e-09	84.7647	1.05538e-07	300.0	15.2353	72.0222	55.5664
749	172.029	5.71155e-09	84.7926	1.05745e-07	300.0	15.2074	72.3735	55.5971
750	171.647	5.73555e-09	84.8204	1.05954e-07	300.0	15.1796	72.7255	55.6275
751	171.264	5.75973e-09	84.8481	1.06163e-07	300.0	15.1519	73.0782	55.6578
752	170.88	5.7841e-09	84.8757	1.06373e-07	300.0	15.1243	73.4317	55.6879
753	170.496	5.80865e-09	84.9031	1.06585e-07	300.0	15.0969	73.7859	55.7178
754	170.112	5.83339e-09	84.9304	1.06797e-07	300.0	15.0696	74.1408	55.7475
755	169.726	5.85833e-09	84.9576	1.07011e-07	300.0	15.0424	74.4965	55.7771
756	169.341	5.88346e-09	84.9847	1.07226e-07	300.0	15.0153	74.8529	55.8064
757	168.954	5.90879e-09	85.0116	1.07442e-07	300.0	14.9884	75.21	55.8356
758	168.568	5.93431e-09	85.0384	1.07659e-07	300.0	14.9616	75.5678	55.8646
759	168.18	5.96003e-09	85.0651	1.07877e-07	300.0	14.9349	75.9263	55.8934
760	167.792	5.98596e-09	85.0917	1.08097e-07	300.0	14.9083	76.2856	55.922
761	167.404	6.01208e-09	85.1181	1.08317e-07	300.0	14.8819	76.6455	55.9504
762	167.015	6.03842e-09	85.1445	1.08539e-07	300.0	14.8555	77.0062	55.9787
763	166.626	6.06496e-09	85.1707	1.08762e-07	300.0	14.8293	77.3675	56.0068
764	166.236	6.09171e-09	85.1967	1.08986e-07	300.0	14.8033	77.7296	56.0347
765	165.845	6.11867e-09	85.2227	1.09212e-07	300.0	14.7773	78.0923	56.0624
766	165.454	6.14584e-09	85.2485	1.09438e-07	300.0	14.7515	78.4558	56.09
767	165.063	6.17323e-09	85.2742	1.09666e-07	300.0	14.7258	78.8199	56.1173
768	164.671	6.20084e-09	85.2998	1.09895e-07	300.0	14.7002	79.1847	56.1446
769	164.278	6.22867e-09	85.3253	1.10125e-07	300.0	14.6747	79.5502	56.1716
770	163.885	6.25672e-09	85.3507	1.10356e-07	300.0	14.6493	79.9164	56.1985
771	163.492	6.285e-09	85.3759	1.10589e-07	300.0	14.6241	80.2833	56.2252
772	163.097	6.3135e-09	85.4011	1.10822e-07	300.0	14.5989	80.6508	56.2517
773	162.703	6.34223e-09	85.4261	1.11057e-07	300.0	14.5739	81.0191	56.2781
774	162.308	6.3712e-09	85.451	1.11294e-07	300.0	14.549	81.3879	56.3043
775	161.912	6.40039e-09	85.4757	1.11531e-07	300.0	14.5243	81.7575	56.3303
776	161.516	6.42983e-09	85.5004	1.1177e-07	300.0	14.4996	82.1277	56.3562
777	161.119	6.4595e-09	85.525	1.1201e-07	300.0	14.475	82.4986	56.3819
778	160.722	6.48941e-09	85.5494	1.12252e-07	300.0	14.4506	82.8702	56.4074
779	160.325	6.51957e-09	85.5737	1.12494e-07	300.0	14.4263	83.2424	56.4328
780	159.927	6.54997e-09	85.5979	1.12739e-07	300.0	14.4021	83.6152	56.4581
781	159.528	6.58062e-09	85.622	1.12984e-07	300.0	14.378	83.9887	56.4831
782	159.129	6.61152e-09	85.646	1.1323e-07	300.0	14.354	84.3629	56.508
783	158.73	6.64268e-09	85.6699	1.13478e-07	300.0	14.3301	84.7377	56.5328
784	158.329	6.67409e-09	85.6937	1.13728e-07	300.0	14.3063	85.1132	56.5574
785	157.929	6.70576e-09	85.7173	1.13978e-07	300.0	14.2827	85.4893	56.5818
786	157.528	6.73769e-09	85.7409	1.14231e-07	300.0	14.2591	85.866	56.6061
787	157.126	6.76989e-09	85.7643	1.14484e-07	300.0	14.2357	86.2433	56.6302
788	156.724	6.80235e-09	85.7877	1.14739e-07	300.0	14.2123	86.6213	56.6542
789	156.322	6.83508e-09	85.8109	1.14995e-07	300.0	14.1891	87.0	56.6781
790	155.919	6.86809e-09	85.834	1.15252e-07	300.0	14.166	87.3792	56.7017
791	155.516	6.90137e-09	85.857	1.15511e-07	300.0	14.143	87.7591	56.7253
792	155.112	6.93493e-09	85.8799	1.15772e-07	300.0	14.1201	88.1396	56.7486
793	154.707	6.96877e-09	85.9027	1.16033e-07	300.0	14.0973	88.5207	56.7719
794	154.303	7.0029e-09	85.9254	1.16297e-07	300.0	14.0746	88.9024	56.795
795	153.897	7.03731e-09	85.948	1.16561e-07	300.0	14.052	89.2848	56.8179
796	153.492	7.07202e-09	85.9705	1.16827e-07	300.0	14.0295	89.6677	56.8407
797	153.085	7.10702e-09	85.9928	1.17095e-07	300.0	14.0072	90.0513	56.8633
798	152.679	7.14231e-09	86.0151	1.17364e-07	300.0	13.9849	90.4355	56.8859
799	152.272	7.17791e-09	86.0373	1.17634e-07	300.0	13.9627	90.8202	56.9082
800	151.864	7.21381e-09	86.0593	1.17906e-07	300.0	13.9407	91.2056	56.9304
801	151.456	7.25001e-09	86.0813	1.1818e-07	300.0	13.9187	91.5916	56.9525
802	151.047	7.28653e-09	86.1032	1.18455e-07	300.0	13.8968	91.9782	56.9745
803	150.638	7.32336e-09	86.1249	1.18731e-07	300.0	13.8751	92.3653	56.9963
804	150.229	7.3605e-09	86.1466	1.19009e-07	300.0	13.8534	92.7531	57.018
805	149.819	7.39797e-09	86.1681	1.19289e-07	300.0	13.8319	93.1414	57.0395
806	149.409	7.43576e-09	86.1896	1.1957e-07	300.0	13.8104	93.5303	57.0609
807	148.998	7.47388e-09	86.211	1.19853e-07	300.0	13.789	93.9198	57.0821
808	148.587	7.51232e-09	86.2322	1.20137e-07	300.0	13.7678	94.3099	57.1033
809	148.175	7.55111e-09	86.2534	1.20423e-07	300.0	13.7466	94.7006	57.1243
810	147.763	7.59023e-09	86.2744	1.2071e-07	300.0	13.7256	95.0918	57.1451
811	147.351	7.6297e-09	86.2954	1.20999e-07	300.0	13.7046	95.4836	57.1658
812	146.938	7.66951e-09	86.3163	1.2129e-07	300.0	13.6837	95.876	57.1864
813	146.524	7.70967e-09	86.3371	1.21582e-07	300.0	13.6629	96.2689	57.2069
814	146.11	7.75019e-09	86.3577	1.21876e-07	300.0	13.6423	96.6624	57.2273
815	145.696	7.79106e-09	86.3783	1.22172e-07	300.0	13.6217	97.0565	57.2475
816	145.281	7.8323e-09	86.3988	1.22469e-07	300.0	13.6012	97.4511	57.2675
817	144.866	7.8739e-09	86.4192	1.22768e-07	300.0	13.5808	97.8463	57.2875
818	144.451	7.91588e-09	86.4395	1.23068e-07	300.0	13.5605	98.242	57.3073
819	144.035	7.95823e-09	86.4597	1.2337e-07	300.0	13.5403	98.6383	57.327
820	143.618	8.00095e-09	86.4798	1.23674e-07	300.0	13.5202	99.0352	57.3466
821	143.201	8.04406e-09	86.4998	1.2398e-07	300.0	13.5002	99.4325	57.3661
822	142.784	8.08756e-09	86.5197	1.24287e-07	300.0	13.4803	99.8305	57.3854
823	142.366	8.13145e-09	86.5395	1.24596e-07	300.0	13.4605	100.229	57.4046
824	141.948	8.17574e-09	86.5593	1.24907e-07	300.0	13.4407	100.628	57.4237
825	141.53	8.22043e-09	86.5789	1.2522e-07	300.0	13.4211	101.028	57.4427
826	141.111	8.26553e-09	86.5985	1.25534e-07	300.0	13.4015	101.428	57.4615
827	140.692	8.31104e-09	86.6179	1.2585e-07	300.0	13.3821	101.828	57.4803
828	140.272	8.35696e-09	86.6373	1.26168e-07	300.0	13.3627	102.229	57.4989
829	139.852	8.40331e-09	86.6566	1.26488e-07	300.0	13.3434	102.631	57.5174
830	139.431	8.45008e-09	86.6758	1.26809e-07	300.0	13.3242	103.033	57.5358
831	139.01	8.49728e-09	86.6949	1.27133e-07	300.0	13.3051	103.436	57.554
832	138.589	8.54492e-09	86.7139	1.27458e-07	300.0	13.2861	103.839	57.5722
833	138.167	8.593e-09	86.7328	1.27785e-07	300.0	13.2672	104.243	57.5902
834	137.745	8.64153e-09	86.7517	1.28114e-07	300.0	13.2483	104.647	57.6082
835	137.322	8.6905e-09	86.7704	1.28445e-07	300.0	13.2296	105.052	57.626
836	136.899	8.73994e-09	86.7891	1.28778e-07	300.0	13.2109	105.457	57.6437
837	136.476	8.78983e-09	86.8077	1.29113e-07	300.0	13.1923	105.863	57.6613
838	136.052	8.8402e-09	86.8261	1.29449e-07	300.0	13.1739	106.269	57.6787
839	135.628	8.89104e-09	86.8446	1.29788e-07	300.0	13.1554	106.676	57.6961
840	135.203	8.94235e-09	86.8629	1.30129e-07	300.0	13.1371	107.084	57.7134
841	134.778	8.99415e-09	86.8811	1.30471e-07	300.0	13.1189	107.491	57.7305
842	134.353	9.04644e-09	86.8993	1.30816e-07	300.0	13.1007	107.9	57.7476
843	133.927	9.09923e-09	86.9173	1.31162e-07	300.0	13.0827	108.309	57.7645
844	133.501	9.15252e-09	86.9353	1.31511e-07	300.0	13.0647	108.718	57.7813
845	133.074	9.20633e-09	86.9532	1.31861e-07	300.0	13.0468	109.128	57.7981
846	132.647	9.26065e-09	86.971	1.32214e-07	300.0	13.029	109.538	57.8147
847	132.22	9.31549e-09	86.9887	1.32569e-07	300.0	13.0113	109.949	57.8312
848	131.792	9.37087e-09	87.0064	1.32926e-07	300.0	12.9936	110.36	57.8476
849	131.364	9.42678e-09	87.024	1.33284e-07	300.0	12.976	110.772	57.8639
850	130.936	9.48323e-09	87.0414	1.33645e-07	300.0	12.9586	111.184	57.8801
851	130.507	9.54023e-09	87.0588	1.34008e-07	300.0	12.9412	111.597	57.8962
852	130.078	9.59779e-09	87.0762	1.34374e-07	300.0	12.9238	112.01	57.9122
853	129.648	9.6559e-09	87.0934	1.34741e-07	300.0	12.9066	112.423	57.9282
854	129.219	9.71459e-09	87.1106	1.35111e-07	300.0	12.8894	112.837	57.944
855	128.788	9.77386e-09	87.1277	1.35482e-07	300.0	12.8723	113.252	57.9597
856	128.358	9.8337e-09	87.1447	1.35856e-07	300.0	12.8553	113.667	57.9753
857	127.927	9.89414e-09	87.1616	1.36232e-07	300.0	12.8384	114.083	57.9908
858	127.495	9.95518e-09	87.1784	1.36611e-07	300.0	12.8216	114.499	58.0062
859	127.063	1.00168e-08	87.1952	1.36992e-07	300.0	12.8048	114.915	58.0215
860	126.631	1.00791e-08	87.2119	1.37374e-07	300.0	12.7881	115.332	58.0368
861	126.199	1.0142e-08	87.2285	1.3776e-07	300.0	12.7715	115.749	58.0519
862	125.766	1.02055e-08	87.245	1.38147e-07	300.0	12.755	116.167	58.0669
863	125.333	1.02696e-08	87.2615	1.38537e-07	300.0	12.7385	116.585	58.0819
864	124.899	1.03344e-08	87.2779	1.38929e-07	300.0	12.7221	117.004	58.0967
865	124.465	1.03998e-08	87.2942	1.39324e-07	300.0	12.7058	117.423	58.1115
866	124.031	1.0466e-08	87.3104	1.3972e-07	300.0	12.6896	117.843	58.1262
867	123.596	1.05328e-08	87.3265	1.4012e-07	300.0	12.6735	118.263	58.1407
868	123.162	1.06002e-08	87.3426	1.40521e-07	300.0	12.6574	118.683	58.1552
869	122.726	1.06684e-08	87.3586	1.40926e-07	300.0	12.6414	119.104	58.1696
870	122.291	1.07373e-08	87.3745	1.41332e-07	300.0	12.6255	119.526	58.1839
871	121.855	1.08069e-08	87.3904	1.41741e-07	300.0	12.6096	119.947	58.1982
872	121.418	1.08772e-08	87.4062	1.42153e-07	300.0	12.5938	120.37	58.2123
873	120.981	1.09482e-08	87.4219	1.42567e-07	300.0	12.5781	120.792	58.2263
874	120.544	1.102e-08	87.4375	1.42983e-07	300.0	12.5625	121.215	58.2403
875	120.107	1.10926e-08	87.4531	1.43402e-07	300.0	12.5469	121.639	58.2542
876	119.669	1.11658e-08	87.4686	1.43824e-07	300.0	12.5314	122.063	58.2679
877	119.231	1.12399e-08	87.484	1.44248e-07	300.0	12.516	122.487	58.2816
878	118.793	1.13148e-08	87.4993	1.44675e-07	300.0	12.5007	122.912	58.2953
879	118.354	1.13904e-08	87.5146	1.45104e-07	300.0	12.4854	123.337	58.3088
880	117.915	1.14668e-08	87.5298	1.45536e-07	300.0	12.4702	123.763	58.3222
881	117.476	1.15441e-08	87.5449	1.45971e-07	300.0	12.4551	124.189	58.3356
882	117.036	1.16221e-08	87.56	1.46408e-07	300.0	12.44	124.615	58.3489
883	116.596	1.1701e-08	87.575	1.46848e-07	300.0	12.425	125.042	58.3621
884	116.156	1.17808e-08	87.5899	1.47291e-07	300.0	12.4101	125.469	58.3752
885	115.715	1.18614e-08	87.6047	1.47736e-07	300.0	12.3953	125.897	58.3883
886	115.274	1.19429e-08	87.6195	1.48184e-07	300.0	12.3805	126.325	58.4012
887	114.832	1.20253e-08	87.6342	1.48635e-07	300.0	12.3658	126.753	58.4141
888	114.391	1.21086e-08	87.6489	1.49089e-07	300.0	12.3511	127.182	58.4269
889	113.949	1.21927e-08	87.6634	1.49546e-07	300.0	12.3366	127.612	58.4396
890	113.506	1.22778e-08	87.678	1.50005e-07	300.0	12.322	128.041	58.4523
891	113.064	1.23639e-08	87.6924	1.50468e-07	300.0	12.3076	128.471	58.4648
892	112.621	1.24509e-08	87.7068	1.50933e-07	300.0	12.2932	128.902	58.4773
893	112.178	1.25388e-08	87.7211	1.51401e-07	300.0	12.2789	129.333	58.4897
894	111.734	1.26278e-08	87.7353	1.51872e-07	300.0	12.2647	129.764	58.5021
895	111.29	1.27177e-08	87.7495	1.52346e-07	300.0	12.2505	130.196	58.5144
896	110.846	1.28086e-08	87.7636	1.52823e-07	300.0	12.2364	130.628	58.5265
897	110.401	1.29005e-08	87.7776	1.53303e-07	300.0	12.2224	131.06	58.5387
898	109.957	1.29935e-08	87.7916	1.53786e-07	300.0	12.2084	131.493	58.5507
899	109.511	1.30875e-08	87.8055	1.54272e-07	300.0	12.1945	131.926	58.5627
900	109.066	1.31826e-08	87.8194	1.54762e-07	300.0	12.1806	132.36	58.5746
901	108.62	1.32787e-08	87.8331	1.55254e-07	300.0	12.1669	132.793	58.5864
902	108.174	1.33759e-08	87.8469	1.55749e-07	300.0	12.1531	133.228	58.5981
903	107.728	1.34743e-08	87.8605	1.56248e-07	300.0	12.1395	133.662	58.6098
904	107.281	1.35737e-08	87.8741	1.5675e-07	300.0	12.1259	134.097	58.6214
905	106.834	1.36743e-08	87.8876	1.57254e-07	300.0	12.1124	134.533	58.633
906	106.387	1.37761e-08	87.9011	1.57763e-07	300.0	12.0989	134.969	58.6444
907	105.939	1.38791e-08	87.9145	1.58274e-07	300.0	12.0855	135.405	58.6558
908	105.491	1.39832e-08	87.9278	1.58788e-07	300.0	12.0722	135.841	58.6672
909	105.043	1.40886e-08	87.9411	1.59306e-07	300.0	12.0589	136.278	58.6784
910	104.595	1.41953e-08	87.9543	1.59828e-07	300.0	12.0457	136.716	58.6896
911	104.146	1.43032e-08	87.9674	1.60352e-07	300.0	12.0326	137.153	58.7008
912	103.697	1.44124e-08	87.9805	1.6088e-07	300.0	12.0195	137.591	58.7118
913	103.248	1.45229e-08	87.9936	1.61411e-07	300.0	12.0064	138.029	58.7228
914	102.798	1.46347e-08	88.0065	1.61946e-07	300.0	11.9935	138.468	58.7337
915	102.348	1.47478e-08	88.0194	1.62484e-07	300.0	11.9806	138.907	58.7446
916	101.898	1.48623e-08	88.0323	1.63026e-07	300.0	11.9677	139.347	58.7554
917	101.448	1.49782e-08	88.0451	1.63571e-07	300.0	11.9549	139.786	58.7661
918	100.997	1.50955e-08	88.0578	1.6412e-07	300.0	11.9422	140.226	58.7768
919	100.546	1.52143e-08	88.0705	1.64672e-07	300.0	11.9295	140.667	58.7874
920	100.094	1.53345e-08	88.0831	1.65227e-07	300.0	11.9169	141.108	58.7979
921	99.6428	1.54561e-08	88.0956	1.65787e-07	300.0	11.9044	141.549	58.8084
922	99.1909	1.55793e-08	88.1081	1.6635e-07	300.0	11.8919	141.99	58.8188
923	98.7388	1.5704e-08	88.1205	1.66916e-07	300.0	11.8795	142.432	58.8292
924	98.2863	1.58302e-08	88.1329	1.67487e-07	300.0	11.8671	142.874	58.8395
925	97.8336	1.5958e-08	88.1452	1.68061e-07	300.0	11.8548	143.317	58.8497
926	97.3806	1.60874e-08	88.1575	1.68639e-07	300.0	11.8425	143.76	58.8598
927	96.9273	1.62183e-08	88.1697	1.6922e-07	300.0	11.8303	144.203	58.87
928	96.4738	1.6351e-08	88.1818	1.69806e-07	300.0	11.8182	144.646	58.88
929	96.02	1.64853e-08	88.1939	1.70395e-07	300.0	11.8061	145.09	58.89
930	95.5659	1.66213e-08	88.206	1.70988e-07	300.0	11.794	145.534	58.8999
931	95.1116	1.6759e-08	88.2179	1.71585e-07	300.0	11.7821	145.979	58.9098
932	94.657	1.68985e-08	88.2299	1.72186e-07	300.0	11.7701	146.423	58.9196
933	94.2021	1.70398e-08	88.2417	1.72791e-07	300.0	11.7583	146.869	58.9293
934	93.7469	1.71829e-08	88.2535	1.734e-07	300.0	11.7465	147.314	58.939
935	93.2915	1.73278e-08	88.2653	1.74013e-07	300.0	11.7347	147.76	58.9487
936	92.8359	1.74745e-08	88.277	1.7463e-07	300.0	11.723	148.206	58.9582
937	92.3799	1.76232e-08	88.2886	1.75251e-07	300.0	11.7114	148.652	58.9678
938	91.9237	1.77738e-08	88.3002	1.75876e-07	300.0	11.6998	149.099	58.9772
939	91.4673	1.79264e-08	88.3118	1.76505e-07	300.0	11.6882	149.546	58.9866
940	91.0106	1.8081e-08	88.3232	1.77138e-07	300.0	11.6768	149.993	58.996
941	90.5536	1.82377e-08	88.3347	1.77776e-07	300.0	11.6653	150.441	59.0053
942	90.0964	1.83964e-08	88.346	1.78418e-07	300.0	11.654	150.889	59.0145
943	89.6389	1.85572e-08	88.3574	1.79064e-07	300.0	11.6426	151.337	59.0237
944	89.1811	1.87201e-08	88.3686	1.79715e-07	300.0	11.6314	151.786	59.0329
945	88.7232	1.88853e-08	88.3798	1.80369e-07	300.0	11.6202	152.235	59.0419
946	88.2649	1.90526e-08	88.391	1.81029e-07	300.0	11.609	152.684	59.051
947	87.8064	1.92222e-08	88.4021	1.81692e-07	300.0	11.5979	153.134	59.0599
948	87.3477	1.93941e-08	88.4132	1.8236e-07	300.0	11.5868	153.583	59.0689
949	86.8887	1.95683e-08	88.4242	1.83033e-07	300.0	11.5758	154.034	59.0777
950	86.4294	1.97448e-08	88.4351	1.8371e-07	300.0	11.5649	154.484	59.0865
951	85.97	1.99238e-08	88.446	1.84391e-07	300.0	11.554	154.935	59.0953
952	85.5102	2.01052e-08	88.4569	1.85077e-07	300.0	11.5431	155.386	59.104
953	85.0503	2.02891e-08	88.4677	1.85768e-07	300.0	11.5323	155.837	59.1127
954	84.59	2.04755e-08	88.4785	1.86463e-07	300.0	11.5215	156.289	59.1213
955	84.1296	2.06645e-08	88.4892	1.87163e-07	300.0	11.5108	156.741	59.1299
956	83.6689	2.08564e-08	88.4998	1.87868e-07	300.0	11.5002	157.193	59.1384
957	83.2079	2.10514e-08	88.5104	1.88577e-07	300.0	11.4896	157.645	59.1468
958	82.7468	2.12491e-08	88.521	1.8929e-07	300.0	11.479	158.098	59.1553
959	82.2853	2.14493e-08	88.5315	1.90009e-07	300.0	11.4685	158.551	59.1636
960	81.8237	2.16521e-08	88.5419	1.90733e-07	300.0	11.4581	159.004	59.1719
961	81.3618	2.1858e-08	88.5523	1.91461e-07	300.0	11.4477	159.458	59.1802
962	80.8997	2.2067e-08	88.5627	1.92194e-07	300.0	11.4373	159.912	59.1884
963	80.4373	2.2279e-08	88.573	1.92932e-07	300.0	11.427	160.366	59.1966
964	79.9747	2.24942e-08	88.5833	1.93675e-07	300.0	11.4167	160.821	59.2047
965	79.5119	2.27125e-08	88.5935	1.94423e-07	300.0	11.4065	161.275	59.2128
966	79.0488	2.29339e-08	88.6036	1.95176e-07	300.0	11.3964	161.73	59.2208
967	78.5855	2.31585e-08	88.6137	1.95934e-07	300.0	11.3863	162.186	59.2288
968	78.122	2.33866e-08	88.6238	1.96697e-07	300.0	11.3762	162.641	59.2368
969	77.6583	2.36179e-08	88.6338	1.97465e-07	300.0	11.3662	163.097	59.2447
970	77.1943	2.38528e-08	88.6438	1.98238e-07	300.0	11.3562	163.553	59.2525
971	76.7301	2.40912e-08	88.6537	1.99017e-07	300.0	11.3463	164.01	59.2603
972	76.2657	2.43332e-08	88.6636	1.998e-07	300.0	11.3364	164.466	59.2681
973	75.8011	2.45789e-08	88.6735	2.00589e-07	300.0	11.3265	164.923	59.2758
974	75.3362	2.48284e-08	88.6833	2.01383e-07	300.0	11.3167	165.38	59.2835
975	74.8711	2.50816e-08	88.693	2.02183e-07	300.0	11.307	165.838	59.2911
976	74.4058	2.53388e-08	88.7027	2.02987e-07	300.0	11.2973	166.296	59.2987
977	73.9403	2.55999e-08	88.7124	2.03797e-07	300.0	11.2876	166.754	59.3062
978	73.4745	2.58651e-08	88.722	2.04612e-07	300.0	11.278	167.212	59.3137
979	73.0086	2.61345e-08	88.7315	2.05433e-07	300.0	11.2685	167.67	59.3212
980	72.5424	2.64081e-08	88.741	2.06259e-07	300.0	11.259	168.129	59.3286
981	72.076	2.6686e-08	88.7505	2.07091e-07	300.0	11.2495	168.588	59.3359
982	71.6094	2.69682e-08	88.7599	2.07928e-07	300.0	11.2401	169.047	59.3433
983	71.1425	2.7255e-08	88.7693	2.0877e-07	300.0	11.2307	169.507	59.3505
984	70.6755	2.75464e-08	88.7787	2.09618e-07	300.0	11.2213	169.967	59.3578
985	70.2082	2.78425e-08	88.788	2.10472e-07	300.0	11.212	170.427	59.365
986	69.7408	2.81434e-08	88.7972	2.11331e-07	300.0	11.2028	170.887	59.3721
987	69.2731	2.84491e-08	88.8064	2.12195e-07	300.0	11.1936	171.348	59.3793
988	68.8052	2.87597e-08	88.8156	2.13066e-07	300.0	11.1844	171.808	59.3863
989	68.3371	2.90756e-08	88.8247	2.13941e-07	300.0	11.1753	172.269	59.3934
990	67.8688	2.93967e-08	88.8338	2.14823e-07	300.0	11.1662	172.731	59.4004
991	67.4003	2.97231e-08	88.8429	2.1571e-07	300.0	11.1571	173.192	59.4073
992	66.9316	3.0055e-08	88.8518	2.16603e-07	300.0	11.1482	173.654	59.4143
993	66.4627	3.03923e-08	88.8608	2.17501e-07	300.0	11.1392	174.116	59.4212
994	65.9936	3.07354e-08	88.8697	2.18405e-07	300.0	11.1303	174.578	59.428
995	65.5242	3.10843e-08	88.8786	2.19315e-07	300.0	11.1214	175.041	59.4348
996	65.0547	3.14392e-08	88.8874	2.20231e-07	300.0	11.1126	175.504	59.4416
997	64.585	3.18e-08	88.8962	2.21152e-07	300.0	11.1038	175.967	59.4483
998	64.1151	3.2167e-08	88.905	2.2208e-07	300.0	11.095	176.43	59.455
999	63.6449	3.25404e-08	88.9137	2.23013e-07	300.0	11.0863	176.893	59.4616
1000	63.1746	3.29202e-08	88.9223	2.23951e-07	300.0	11.0777	177.357	59.4683
