Time	[Mek1-PP]	[Erk2]	[Mos]	[Erk2-P]	[Erk2-PP]	[Mos-P]	[Mek1]	[Mek1-P]	Values[Mek_tot]	Values[Erk_tot]	Values[Erk-P_tot]	Values[Mos-P_tot]	Values[Mek-P_tot]	Values[Mos_tot]
1000	14.6035	7.33031	87.9252	15.6173	277.052	3.07477	225.391	60.0055	300	300	292.67	3.07477	74.609	91
1000	19.1527	5.69133	90.3074	13.6137	280.695	3.06762	218.754	62.0929	300	300	294.309	3.06762	81.2456	93.375
1000	23.4637	4.60117	92.681	12.0792	283.32	3.06904	213.05	63.486	300	300	295.399	3.06904	86.9497	95.75
1000	27.362	3.86026	95.0491	10.9156	285.224	3.07587	208.202	64.4363	300	300	296.14	3.07587	91.7983	98.125
1000	30.8077	3.34071	97.414	10.0278	286.631	3.08603	204.089	65.1036	300	300	296.659	3.08603	95.9113	100.5
1000	33.8301	2.9636	99.7769	9.33948	287.697	3.09814	200.583	65.5874	300	300	297.036	3.09814	99.4175	102.875
1000	36.4942	2.67955	102.139	8.79299	288.527	3.11136	197.555	65.9504	300	300	297.32	3.11136	102.445	105.25
1000	38.8742	2.45743	104.5	8.34685	289.196	3.12522	194.894	66.2322	300	300	297.543	3.12522	105.106	107.625
1000	41.045	2.27693	106.861	7.97096	289.752	3.13949	192.496	66.4588	300	300	297.723	3.13949	107.504	110
