Time	Mek1-PP	Erk2	Mos	Erk2-P	Erk2-PP	Mos-P	Mek1	Mek1-P
0	1000.0	0.000796551	0.000138903	13.1313	0.00151817	1.00157e-05	0.00498358	4.67009e-06
1	999.254	1.65038e-05	8.56055e-05	10.0367	3.09693	6.33132e-05	0.00943745	0.741736
2	998.508	1.65152e-05	6.79428e-05	7.66984	5.46376	8.09759e-05	0.022728	1.47463
3	997.761	1.65264e-05	5.76161e-05	5.86082	7.27278	9.13026e-05	0.0447496	2.19879
4	997.015	1.65372e-05	5.04037e-05	4.47849	8.65511	9.8515e-05	0.0753981	2.91433
5	996.269	1.65476e-05	4.49009e-05	3.42237	9.71122	0.000104018	0.114571	3.62134
6	995.523	1.65573e-05	4.0478e-05	2.61554	10.5181	0.000108441	0.162165	4.31993
7	994.777	1.65663e-05	3.68016e-05	1.99914	11.1345	0.000112117	0.218081	5.0102
8	994.031	1.65742e-05	3.36749e-05	1.52821	11.6054	0.000115244	0.282219	5.69225
9	993.284	1.65807e-05	3.09723e-05	1.16839	11.9652	0.000117946	0.354481	6.36617
10	992.538	1.65855e-05	2.86086e-05	0.89344	12.2402	0.00012031	0.43477	7.03207
11	991.792	1.65879e-05	2.65233e-05	0.683308	12.4503	0.000122395	0.522991	7.69003
12	991.046	1.65871e-05	2.46716e-05	0.522691	12.6109	0.000124247	0.619048	8.34016
13	990.3	1.65824e-05	2.30191e-05	0.399903	12.7337	0.0001259	0.722848	8.98254
14	989.553	1.65725e-05	2.15388e-05	0.306017	12.8276	0.00012738	0.834299	9.61727
15	988.807	1.65558e-05	2.0209e-05	0.234217	12.8994	0.00012871	0.953309	10.2444
16	988.061	1.65302e-05	1.90117e-05	0.179299	12.9543	0.000129907	1.07979	10.8642
17	987.315	1.64933e-05	1.79318e-05	0.137284	12.9963	0.000130987	1.21365	11.4765
18	986.569	1.64416e-05	1.69566e-05	0.105135	13.0285	0.000131962	1.3548	12.0815
19	985.822	1.63711e-05	1.60748e-05	0.0805311	13.0531	0.000132844	1.50315	12.6793
20	985.076	1.62764e-05	1.5277e-05	0.0616971	13.0719	0.000133642	1.65863	13.27
21	984.33	1.61511e-05	1.45547e-05	0.0472775	13.0863	0.000134364	1.82114	13.8537
22	983.584	1.59872e-05	1.39003e-05	0.0362352	13.0974	0.000135018	1.9906	14.4304
23	982.838	1.57753e-05	1.33073e-05	0.0277777	13.1058	0.000135611	2.16692	15.0003
24	982.092	1.55042e-05	1.27698e-05	0.0212985	13.1123	0.000136149	2.35003	15.5634
25	981.345	1.51618e-05	1.22823e-05	0.016334	13.1173	0.000136636	2.53985	16.1197
26	980.599	1.47351e-05	1.18402e-05	0.0125294	13.1211	0.000137078	2.73629	16.6695
27	979.853	1.42117e-05	1.14392e-05	0.00961303	13.124	0.000137479	2.93927	17.2127
28	979.107	1.35814e-05	1.10755e-05	0.00737719	13.1262	0.000137843	3.14873	17.7494
29	978.361	1.28385e-05	1.07454e-05	0.00566275	13.1279	0.000138173	3.36457	18.2798
30	977.614	1.19839e-05	1.04459e-05	0.00434787	13.1293	0.000138473	3.58673	18.8038
31	976.868	1.1028e-05	1.01742e-05	0.00333924	13.1303	0.000138745	3.81512	19.3216
32	976.122	9.99097e-06	9.92755e-06	0.00256537	13.131	0.000138991	4.04968	19.8332
33	975.376	8.90249e-06	9.70375e-06	0.0019715	13.1316	0.000139215	4.29033	20.3387
34	974.63	7.79855e-06	9.50064e-06	0.00151565	13.1321	0.000139418	4.537	20.8382
35	973.884	6.71699e-06	9.3163e-06	0.00116564	13.1324	0.000139602	4.78961	21.3318
36	973.137	5.69248e-06	9.149e-06	0.000896804	13.1327	0.00013977	5.0481	21.8195
37	972.391	4.75231e-06	8.99715e-06	0.000690246	13.1329	0.000139922	5.3124	22.3014
38	971.645	3.9142e-06	8.85933e-06	0.00053147	13.1331	0.000140059	5.58243	22.7775
39	970.899	3.18606e-06	8.73424e-06	0.000409372	13.1332	0.000140184	5.85813	23.248
40	970.153	2.56736e-06	8.62071e-06	0.000315439	13.1333	0.000140298	6.13943	23.7129
41	969.406	2.05146e-06	8.51766e-06	0.000243142	13.1334	0.000140401	6.42626	24.1723
42	968.66	1.62794e-06	8.42412e-06	0.000187476	13.1334	0.000140495	6.71857	24.6261
43	967.914	1.28467e-06	8.33922e-06	0.000144598	13.1335	0.000140579	7.01627	25.0746
44	967.168	1.00928e-06	8.26216e-06	0.000111559	13.1335	0.000140657	7.31931	25.5178
45	966.422	7.90155e-07	8.19222e-06	8.60915e-05	13.1335	0.000140726	7.62762	25.9556
46	965.676	6.16917e-07	8.12873e-06	6.64552e-05	13.1335	0.00014079	7.94115	26.3883
47	964.929	4.80647e-07	8.0711e-06	5.13102e-05	13.1336	0.000140848	8.25983	26.8158
48	964.183	3.73879e-07	8.0188e-06	3.96262e-05	13.1336	0.0001409	8.58359	27.2382
49	963.437	2.90476e-07	7.97132e-06	3.06098e-05	13.1336	0.000140947	8.91238	27.6556
50	962.691	2.25476e-07	7.92823e-06	2.36503e-05	13.1336	0.00014099	9.24614	28.068
51	961.945	1.74908e-07	7.88911e-06	1.82771e-05	13.1336	0.00014103	9.58481	28.4756
52	961.198	1.35619e-07	7.8536e-06	1.41278e-05	13.1336	0.000141065	9.92833	28.8782
53	960.452	1.05123e-07	7.82138e-06	1.09228e-05	13.1336	0.000141097	10.2766	29.2761
54	959.706	8.14687e-08	7.79212e-06	8.44671e-06	13.1336	0.000141127	10.6297	29.6692
55	958.96	6.31308e-08	7.76557e-06	6.53333e-06	13.1336	0.000141153	10.9874	30.0577
56	958.214	4.89193e-08	7.74147e-06	5.05445e-06	13.1336	0.000141177	11.3497	30.4415
57	957.468	3.79081e-08	7.71959e-06	3.91119e-06	13.1336	0.000141199	11.7167	30.8208
58	956.721	2.93776e-08	7.69974e-06	3.02718e-06	13.1336	0.000141219	12.0881	31.1956
59	955.975	2.27692e-08	7.68171e-06	2.34349e-06	13.1336	0.000141237	12.464	31.5659
60	955.229	1.76499e-08	7.66535e-06	1.81463e-06	13.1336	0.000141253	12.8443	31.9317
61	954.483	1.36838e-08	7.6505e-06	1.40545e-06	13.1336	0.000141268	13.2289	32.2933
62	953.737	1.0611e-08	7.63702e-06	1.0888e-06	13.1336	0.000141282	13.6179	32.6505
63	952.99	8.23002e-09	7.62479e-06	8.43707e-07	13.1336	0.000141294	14.011	33.0035
64	952.244	6.38481e-09	7.61368e-06	6.53962e-07	13.1336	0.000141305	14.4084	33.3523
65	951.498	4.95463e-09	7.6036e-06	5.07036e-07	13.1336	0.000141315	14.81	33.6969
66	950.752	3.84594e-09	7.59445e-06	3.93244e-07	13.1336	0.000141324	15.2156	34.0375
67	950.006	2.98634e-09	7.58615e-06	3.05096e-07	13.1336	0.000141333	15.6253	34.3739
68	949.26	2.31974e-09	7.57861e-06	2.36798e-07	13.1336	0.00014134	16.039	34.7064
69	948.513	1.80272e-09	7.57177e-06	1.83871e-07	13.1336	0.000141347	16.4567	35.0349
70	947.767	1.40164e-09	7.56556e-06	1.42847e-07	13.1336	0.000141353	16.8783	35.3596
71	947.021	1.09044e-09	7.55992e-06	1.11042e-07	13.1336	0.000141359	17.3037	35.6803
72	946.275	8.48931e-10	7.5548e-06	8.63794e-08	13.1336	0.000141364	17.733	35.9972
73	945.529	6.61475e-10	7.55016e-06	6.7252e-08	13.1336	0.000141369	18.166	36.3104
74	944.782	5.15945e-10	7.54594e-06	5.24143e-08	13.1336	0.000141373	18.6027	36.6198
75	944.036	4.02942e-10	7.54211e-06	4.0902e-08	13.1336	0.000141377	19.0431	36.9256
76	943.29	3.15179e-10	7.53864e-06	3.1968e-08	13.1336	0.00014138	19.4872	37.2277
77	942.544	2.47006e-10	7.53549e-06	2.50336e-08	13.1336	0.000141383	19.9349	37.5263
78	941.798	1.9404e-10	7.53262e-06	1.96501e-08	13.1336	0.000141386	20.3861	37.8212
79	941.052	1.52881e-10	7.53003e-06	1.54699e-08	13.1336	0.000141389	20.8408	38.1127
80	940.305	1.20892e-10	7.52767e-06	1.22234e-08	13.1336	0.000141391	21.299	38.4007
81	939.559	9.60258e-11	7.52553e-06	9.70156e-09	13.1336	0.000141393	21.7606	38.6853
82	938.813	7.6693e-11	7.52359e-06	7.74236e-09	13.1336	0.000141395	22.2256	38.9665
83	938.067	6.16593e-11	7.52182e-06	6.21987e-09	13.1336	0.000141397	22.6939	39.2443
84	937.321	4.99687e-11	7.52022e-06	5.03658e-09	13.1336	0.000141398	23.1656	39.5188
85	936.574	4.08737e-11	7.51877e-06	4.11679e-09	13.1336	0.0001414	23.6405	39.7901
86	935.828	3.37998e-11	7.51745e-06	3.40172e-09	13.1336	0.000141401	24.1186	40.0581
87	935.082	2.82963e-11	7.51625e-06	2.84568e-09	13.1336	0.000141402	24.5999	40.323
88	934.336	2.40149e-11	7.51517e-06	2.41329e-09	13.1336	0.000141404	25.0844	40.5847
89	933.59	2.0684e-11	7.51418e-06	2.077e-09	13.1336	0.000141405	25.572	40.8433
90	932.844	1.80929e-11	7.51329e-06	1.81545e-09	13.1336	0.000141405	26.0627	41.0988
91	932.097	1.60776e-11	7.51247e-06	1.61203e-09	13.1336	0.000141406	26.5564	41.3513
92	931.351	1.45109e-11	7.51173e-06	1.45385e-09	13.1336	0.000141407	27.0531	41.6008
93	930.605	1.3293e-11	7.51107e-06	1.33083e-09	13.1336	0.000141408	27.5528	41.8473
94	929.859	1.2347e-11	7.51046e-06	1.23516e-09	13.1336	0.000141408	28.0554	42.0908
95	929.113	1.1612e-11	7.50991e-06	1.16078e-09	13.1336	0.000141409	28.5609	42.3315
96	928.366	1.10428e-11	7.50941e-06	1.10299e-09	13.1336	0.000141409	29.0692	42.5693
97	927.62	1.06014e-11	7.50895e-06	1.05811e-09	13.1336	0.00014141	29.5804	42.8043
98	926.874	1.02606e-11	7.50854e-06	1.02328e-09	13.1336	0.00014141	30.0944	43.0365
99	926.128	9.99742e-12	7.50816e-06	9.96284e-10	13.1336	0.000141411	30.6112	43.2659
100	925.382	9.79591e-12	7.50782e-06	9.75395e-10	13.1336	0.000141411	31.1307	43.4926
101	924.636	9.64137e-12	7.50752e-06	9.59261e-10	13.1336	0.000141411	31.6528	43.7166
102	923.889	9.52407e-12	7.50724e-06	9.46833e-10	13.1336	0.000141411	32.1777	43.938
103	923.143	9.43566e-12	7.50698e-06	9.37296e-10	13.1336	0.000141412	32.7052	44.1567
104	922.397	9.36983e-12	7.50675e-06	9.30015e-10	13.1336	0.000141412	33.2352	44.3728
105	921.651	9.32172e-12	7.50654e-06	9.24491e-10	13.1336	0.000141412	33.7679	44.5863
106	920.905	9.28727e-12	7.50635e-06	9.20334e-10	13.1336	0.000141412	34.3031	44.7973
107	920.158	9.26355e-12	7.50618e-06	9.17242e-10	13.1336	0.000141413	34.8408	45.0058
108	919.412	9.24823e-12	7.50602e-06	9.14984e-10	13.1336	0.000141413	35.3809	45.2118
109	918.666	9.23946e-12	7.50588e-06	9.13376e-10	13.1336	0.000141413	35.9236	45.4154
110	917.92	9.2359e-12	7.50575e-06	9.12284e-10	13.1336	0.000141413	36.4686	45.6165
111	917.174	9.23643e-12	7.50563e-06	9.11595e-10	13.1336	0.000141413	37.016	45.8153
112	916.428	9.24012e-12	7.50553e-06	9.11219e-10	13.1336	0.000141413	37.5658	46.0116
113	915.681	9.24636e-12	7.50543e-06	9.11093e-10	13.1336	0.000141413	38.118	46.2057
114	914.935	9.25464e-12	7.50534e-06	9.11167e-10	13.1336	0.000141413	38.6724	46.3974
115	914.189	9.26445e-12	7.50526e-06	9.1139e-10	13.1336	0.000141413	39.2292	46.5869
116	913.443	9.27548e-12	7.50519e-06	9.11731e-10	13.1336	0.000141414	39.7881	46.7741
117	912.697	9.28737e-12	7.50513e-06	9.12153e-10	13.1336	0.000141414	40.3493	46.959
118	911.95	9.29991e-12	7.50507e-06	9.12643e-10	13.1336	0.000141414	40.9127	47.1418
119	911.204	9.31301e-12	7.50501e-06	9.13183e-10	13.1336	0.000141414	41.4783	47.3224
120	910.458	9.32674e-12	7.50496e-06	9.13763e-10	13.1336	0.000141414	42.0461	47.5009
121	909.712	9.34068e-12	7.50492e-06	9.14377e-10	13.1336	0.000141414	42.6159	47.6772
122	908.966	9.35447e-12	7.50488e-06	9.15021e-10	13.1336	0.000141414	43.1878	47.8515
123	908.22	9.36933e-12	7.50484e-06	9.15689e-10	13.1336	0.000141414	43.7619	48.0236
124	907.473	9.38409e-12	7.50481e-06	9.16375e-10	13.1336	0.000141414	44.3379	48.1937
125	906.727	9.39896e-12	7.50478e-06	9.17076e-10	13.1336	0.000141414	44.916	48.3618
126	905.981	9.41401e-12	7.50475e-06	9.17788e-10	13.1336	0.000141414	45.4961	48.5279
127	905.235	9.42919e-12	7.50473e-06	9.18511e-10	13.1336	0.000141414	46.0782	48.692
128	904.489	9.44449e-12	7.5047e-06	9.19243e-10	13.1336	0.000141414	46.6622	48.8542
129	903.742	9.45986e-12	7.50468e-06	9.1998e-10	13.1336	0.000141414	47.2481	49.0145
130	902.996	9.4753e-12	7.50467e-06	9.20721e-10	13.1336	0.000141414	47.836	49.1728
131	902.25	9.49084e-12	7.50465e-06	9.21468e-10	13.1336	0.000141414	48.4257	49.3292
132	901.504	9.50643e-12	7.50463e-06	9.22219e-10	13.1336	0.000141414	49.0173	49.4838
133	900.758	9.52207e-12	7.50462e-06	9.22971e-10	13.1336	0.000141414	49.6107	49.6366
134	900.012	9.53775e-12	7.50461e-06	9.23725e-10	13.1336	0.000141414	50.206	49.7875
135	899.265	9.55349e-12	7.5046e-06	9.24483e-10	13.1336	0.000141414	50.803	49.9366
136	898.519	9.56928e-12	7.50459e-06	9.25242e-10	13.1336	0.000141414	51.4018	50.084
137	897.773	9.5851e-12	7.50458e-06	9.26002e-10	13.1336	0.000141414	52.0024	50.2296
138	897.027	9.60097e-12	7.50457e-06	9.26765e-10	13.1336	0.000141414	52.6047	50.3735
139	896.281	9.61688e-12	7.50456e-06	9.27528e-10	13.1336	0.000141414	53.2087	50.5157
140	895.534	9.63284e-12	7.50455e-06	9.28294e-10	13.1336	0.000141414	53.8144	50.6562
141	894.788	9.64883e-12	7.50455e-06	9.2906e-10	13.1336	0.000141414	54.4218	50.795
142	894.042	9.66486e-12	7.50454e-06	9.29828e-10	13.1336	0.000141414	55.0308	50.9321
143	893.296	9.68094e-12	7.50454e-06	9.30597e-10	13.1336	0.000141414	55.6415	51.0677
144	892.55	9.69706e-12	7.50453e-06	9.31368e-10	13.1336	0.000141414	56.2537	51.2016
145	891.804	9.71322e-12	7.50453e-06	9.32141e-10	13.1336	0.000141414	56.8676	51.3339
146	891.057	9.72943e-12	7.50452e-06	9.32915e-10	13.1336	0.000141414	57.483	51.4647
147	890.311	9.74566e-12	7.50452e-06	9.33689e-10	13.1336	0.000141414	58.1	51.5939
148	889.565	9.76194e-12	7.50451e-06	9.34464e-10	13.1336	0.000141414	58.7185	51.7215
149	888.819	9.77826e-12	7.50451e-06	9.35242e-10	13.1336	0.000141414	59.3385	51.8477
150	888.073	9.79464e-12	7.50451e-06	9.36021e-10	13.1336	0.000141414	59.9601	51.9723
151	887.326	9.81106e-12	7.50451e-06	9.36801e-10	13.1336	0.000141414	60.5831	52.0955
152	886.58	9.82751e-12	7.5045e-06	9.37583e-10	13.1336	0.000141414	61.2076	52.2172
153	885.834	9.844e-12	7.5045e-06	9.38366e-10	13.1336	0.000141414	61.8335	52.3374
154	885.088	9.86054e-12	7.5045e-06	9.39151e-10	13.1336	0.000141414	62.4609	52.4563
155	884.342	9.87712e-12	7.5045e-06	9.39938e-10	13.1336	0.000141414	63.0896	52.5737
156	883.596	9.89374e-12	7.5045e-06	9.40726e-10	13.1336	0.000141414	63.7198	52.6897
157	882.849	9.91042e-12	7.50449e-06	9.41516e-10	13.1336	0.000141414	64.3513	52.8043
158	882.103	9.92714e-12	7.50449e-06	9.42307e-10	13.1336	0.000141414	64.9842	52.9176
159	881.357	9.94391e-12	7.50449e-06	9.431e-10	13.1336	0.000141414	65.6185	53.0295
160	880.611	9.96073e-12	7.50449e-06	9.43894e-10	13.1336	0.000141414	66.2541	53.1401
161	879.865	9.97759e-12	7.50449e-06	9.4469e-10	13.1336	0.000141414	66.891	53.2494
162	879.118	9.99449e-12	7.50449e-06	9.45487e-10	13.1336	0.000141414	67.5292	53.3574
163	878.372	1.00114e-11	7.50449e-06	9.46285e-10	13.1336	0.000141414	68.1687	53.4641
164	877.626	1.00284e-11	7.50449e-06	9.47084e-10	13.1336	0.000141414	68.8094	53.5695
165	876.88	1.00454e-11	7.50449e-06	9.47885e-10	13.1336	0.000141414	69.4514	53.6737
166	876.134	1.00624e-11	7.50449e-06	9.48687e-10	13.1336	0.000141414	70.0947	53.7766
167	875.388	1.00795e-11	7.50449e-06	9.49491e-10	13.1336	0.000141414	70.7392	53.8783
168	874.641	1.00966e-11	7.50449e-06	9.50296e-10	13.1336	0.000141414	71.3848	53.9788
169	873.895	1.01138e-11	7.50449e-06	9.51102e-10	13.1336	0.000141414	72.0317	54.0781
170	873.149	1.01311e-11	7.50449e-06	9.51909e-10	13.1336	0.000141414	72.6798	54.1763
171	872.403	1.01484e-11	7.50449e-06	9.52718e-10	13.1336	0.000141414	73.329	54.2732
172	871.657	1.01657e-11	7.50448e-06	9.53527e-10	13.1336	0.000141414	73.9794	54.369
173	870.91	1.01831e-11	7.50448e-06	9.54338e-10	13.1336	0.000141414	74.6309	54.4637
174	870.164	1.02005e-11	7.50448e-06	9.5515e-10	13.1336	0.000141414	75.2835	54.5572
175	869.418	1.0218e-11	7.50448e-06	9.55964e-10	13.1336	0.000141414	75.9373	54.6497
176	868.672	1.02355e-11	7.50448e-06	9.56779e-10	13.1336	0.000141414	76.5921	54.741
177	867.926	1.0253e-11	7.50448e-06	9.57595e-10	13.1336	0.000141414	77.2481	54.8312
178	867.18	1.02706e-11	7.50448e-06	9.58413e-10	13.1336	0.000141414	77.9051	54.9204
179	866.433	1.02882e-11	7.50448e-06	9.59232e-10	13.1336	0.000141414	78.5631	55.0085
180	865.687	1.03059e-11	7.50448e-06	9.60052e-10	13.1336	0.000141414	79.2222	55.0956
181	864.941	1.03236e-11	7.50448e-06	9.60874e-10	13.1336	0.000141414	79.8824	55.1816
182	864.195	1.03414e-11	7.50448e-06	9.61698e-10	13.1336	0.000141414	80.5436	55.2666
183	863.449	1.03592e-11	7.50448e-06	9.62522e-10	13.1336	0.000141414	81.2058	55.3506
184	862.702	1.0377e-11	7.50448e-06	9.63348e-10	13.1336	0.000141414	81.8689	55.4336
185	861.956	1.03949e-11	7.50448e-06	9.64176e-10	13.1336	0.000141414	82.5331	55.5156
186	861.21	1.04129e-11	7.50448e-06	9.65005e-10	13.1336	0.000141414	83.1983	55.5967
187	860.464	1.04309e-11	7.50448e-06	9.65836e-10	13.1336	0.000141414	83.8644	55.6768
188	859.718	1.04489e-11	7.50448e-06	9.66667e-10	13.1336	0.000141414	84.5314	55.7559
189	858.972	1.0467e-11	7.50448e-06	9.67501e-10	13.1336	0.000141414	85.1994	55.8341
190	858.225	1.04852e-11	7.50448e-06	9.68336e-10	13.1336	0.000141414	85.8683	55.9113
191	857.479	1.05034e-11	7.50448e-06	9.69172e-10	13.1336	0.000141414	86.5382	55.9876
192	856.733	1.05216e-11	7.50448e-06	9.7001e-10	13.1336	0.000141414	87.209	56.0631
193	855.987	1.05399e-11	7.50448e-06	9.70849e-10	13.1336	0.000141414	87.8806	56.1376
194	855.241	1.05582e-11	7.50448e-06	9.7169e-10	13.1336	0.000141414	88.5531	56.2112
195	854.494	1.05766e-11	7.50448e-06	9.72532e-10	13.1336	0.000141414	89.2266	56.284
196	853.748	1.0595e-11	7.50448e-06	9.73375e-10	13.1336	0.000141414	89.9008	56.3559
197	853.002	1.06135e-11	7.50448e-06	9.7422e-10	13.1336	0.000141414	90.576	56.427
198	852.256	1.0632e-11	7.50448e-06	9.75067e-10	13.1336	0.000141414	91.2519	56.4972
199	851.51	1.06506e-11	7.50448e-06	9.75915e-10	13.1336	0.000141414	91.9288	56.5665
200	850.764	1.06692e-11	7.50448e-06	9.76764e-10	13.1336	0.000141414	92.6064	56.6351
201	850.017	1.06879e-11	7.50448e-06	9.77615e-10	13.1336	0.000141414	93.2849	56.7028
202	849.271	1.07066e-11	7.50448e-06	9.78467e-10	13.1336	0.000141414	93.9641	56.7697
203	848.525	1.07254e-11	7.50448e-06	9.79321e-10	13.1336	0.000141414	94.6442	56.8359
204	847.779	1.07442e-11	7.50448e-06	9.80177e-10	13.1336	0.000141414	95.325	56.9012
205	847.033	1.0763e-11	7.50448e-06	9.81033e-10	13.1336	0.000141414	96.0066	56.9658
206	846.286	1.07819e-11	7.50448e-06	9.81892e-10	13.1336	0.000141414	96.689	57.0296
207	845.54	1.08009e-11	7.50448e-06	9.82751e-10	13.1336	0.000141414	97.3721	57.0926
208	844.794	1.08199e-11	7.50448e-06	9.83612e-10	13.1336	0.000141414	98.056	57.1549
209	844.048	1.0839e-11	7.50448e-06	9.84475e-10	13.1336	0.000141414	98.7407	57.2164
210	843.302	1.08581e-11	7.50448e-06	9.85339e-10	13.1336	0.000141414	99.426	57.2773
211	842.556	1.08773e-11	7.50448e-06	9.86205e-10	13.1336	0.000141414	100.112	57.3374
212	841.809	1.08965e-11	7.50448e-06	9.87072e-10	13.1336	0.000141414	100.799	57.3967
213	841.063	1.09157e-11	7.50448e-06	9.87941e-10	13.1336	0.000141414	101.486	57.4554
214	840.317	1.09351e-11	7.50448e-06	9.88811e-10	13.1336	0.000141414	102.175	57.5134
215	839.571	1.09544e-11	7.50448e-06	9.89683e-10	13.1336	0.000141414	102.864	57.5707
216	838.825	1.09738e-11	7.50448e-06	9.90557e-10	13.1336	0.000141414	103.553	57.6273
217	838.078	1.09933e-11	7.50448e-06	9.91431e-10	13.1336	0.000141414	104.243	57.6832
218	837.332	1.10128e-11	7.50448e-06	9.92308e-10	13.1336	0.000141414	104.934	57.7385
219	836.586	1.10324e-11	7.50448e-06	9.93186e-10	13.1336	0.000141414	105.626	57.7931
220	835.84	1.1052e-11	7.50448e-06	9.94065e-10	13.1336	0.000141414	106.318	57.8471
221	835.094	1.10717e-11	7.50448e-06	9.94946e-10	13.1336	0.000141414	107.011	57.9004
222	834.348	1.10915e-11	7.50448e-06	9.95829e-10	13.1336	0.000141414	107.704	57.9531
223	833.601	1.11112e-11	7.50448e-06	9.96713e-10	13.1336	0.000141414	108.399	58.0052
224	832.855	1.11311e-11	7.50448e-06	9.97599e-10	13.1336	0.000141414	109.093	58.0566
225	832.109	1.1151e-11	7.50448e-06	9.98486e-10	13.1336	0.000141414	109.789	58.1074
226	831.363	1.11709e-11	7.50448e-06	9.99375e-10	13.1336	0.000141414	110.485	58.1577
227	830.617	1.11909e-11	7.50448e-06	1.00027e-09	13.1336	0.000141414	111.181	58.2073
228	829.87	1.1211e-11	7.50448e-06	1.00116e-09	13.1336	0.000141414	111.878	58.2563
229	829.124	1.12311e-11	7.50448e-06	1.00205e-09	13.1336	0.000141414	112.576	58.3048
230	828.378	1.12512e-11	7.50448e-06	1.00295e-09	13.1336	0.000141414	113.274	58.3527
231	827.632	1.12714e-11	7.50448e-06	1.00384e-09	13.1336	0.000141414	113.973	58.4
232	826.886	1.12917e-11	7.50448e-06	1.00474e-09	13.1336	0.000141414	114.673	58.4467
233	826.14	1.1312e-11	7.50448e-06	1.00564e-09	13.1336	0.000141414	115.373	58.4929
234	825.393	1.13324e-11	7.50448e-06	1.00654e-09	13.1336	0.000141414	116.073	58.5386
235	824.647	1.13528e-11	7.50448e-06	1.00745e-09	13.1336	0.000141414	116.774	58.5837
236	823.901	1.13733e-11	7.50448e-06	1.00835e-09	13.1336	0.000141414	117.476	58.6282
237	823.155	1.13939e-11	7.50448e-06	1.00926e-09	13.1336	0.000141414	118.178	58.6723
238	822.409	1.14145e-11	7.50448e-06	1.01017e-09	13.1336	0.000141414	118.881	58.7158
239	821.662	1.14351e-11	7.50448e-06	1.01108e-09	13.1336	0.000141414	119.584	58.7588
240	820.916	1.14558e-11	7.50448e-06	1.01199e-09	13.1336	0.000141414	120.287	58.8013
241	820.17	1.14766e-11	7.50448e-06	1.0129e-09	13.1336	0.000141414	120.992	58.8432
242	819.424	1.14974e-11	7.50448e-06	1.01382e-09	13.1336	0.000141414	121.696	58.8847
243	818.678	1.15183e-11	7.50448e-06	1.01473e-09	13.1336	0.000141414	122.402	58.9257
244	817.932	1.15393e-11	7.50448e-06	1.01565e-09	13.1336	0.000141414	123.107	58.9662
245	817.185	1.15603e-11	7.50448e-06	1.01657e-09	13.1336	0.000141414	123.813	59.0062
246	816.439	1.15813e-11	7.50448e-06	1.01749e-09	13.1336	0.000141414	124.52	59.0458
247	815.693	1.16024e-11	7.50448e-06	1.01841e-09	13.1336	0.000141414	125.227	59.0848
248	814.947	1.16236e-11	7.50448e-06	1.01934e-09	13.1336	0.000141414	125.935	59.1234
249	814.201	1.16448e-11	7.50448e-06	1.02027e-09	13.1336	0.000141414	126.643	59.1616
250	813.454	1.16661e-11	7.50448e-06	1.02119e-09	13.1336	0.000141414	127.351	59.1993
251	812.708	1.16874e-11	7.50448e-06	1.02212e-09	13.1336	0.000141414	128.06	59.2365
252	811.962	1.17088e-11	7.50448e-06	1.02305e-09	13.1336	0.000141414	128.77	59.2733
253	811.216	1.17303e-11	7.50448e-06	1.02399e-09	13.1336	0.000141414	129.479	59.3097
254	810.47	1.17518e-11	7.50448e-06	1.02492e-09	13.1336	0.000141414	130.19	59.3456
255	809.724	1.17734e-11	7.50448e-06	1.02586e-09	13.1336	0.000141414	130.9	59.3812
256	808.977	1.1795e-11	7.50448e-06	1.0268e-09	13.1336	0.000141414	131.611	59.4162
257	808.231	1.18167e-11	7.50448e-06	1.02774e-09	13.1336	0.000141414	132.323	59.4509
258	807.485	1.18385e-11	7.50448e-06	1.02868e-09	13.1336	0.000141414	133.035	59.4852
259	806.739	1.18603e-11	7.50448e-06	1.02962e-09	13.1336	0.000141414	133.747	59.519
260	805.993	1.18822e-11	7.50448e-06	1.03057e-09	13.1336	0.000141414	134.46	59.5525
261	805.246	1.19041e-11	7.50448e-06	1.03151e-09	13.1336	0.000141414	135.173	59.5855
262	804.5	1.19261e-11	7.50448e-06	1.03246e-09	13.1336	0.000141414	135.887	59.6182
263	803.754	1.19481e-11	7.50448e-06	1.03341e-09	13.1336	0.000141414	136.6	59.6504
264	803.008	1.19703e-11	7.50448e-06	1.03436e-09	13.1336	0.000141414	137.315	59.6823
265	802.262	1.19924e-11	7.50448e-06	1.03532e-09	13.1336	0.000141414	138.029	59.7138
266	801.516	1.20147e-11	7.50448e-06	1.03627e-09	13.1336	0.000141414	138.745	59.7449
267	800.769	1.2037e-11	7.50448e-06	1.03723e-09	13.1336	0.000141414	139.46	59.7757
268	800.023	1.20594e-11	7.50448e-06	1.03819e-09	13.1336	0.000141414	140.176	59.8061
269	799.277	1.20818e-11	7.50448e-06	1.03915e-09	13.1336	0.000141414	140.892	59.8361
270	798.531	1.21043e-11	7.50448e-06	1.04011e-09	13.1336	0.000141414	141.608	59.8658
271	797.785	1.21268e-11	7.50448e-06	1.04108e-09	13.1336	0.000141414	142.325	59.8951
272	797.038	1.21495e-11	7.50448e-06	1.04204e-09	13.1336	0.000141414	143.042	59.9241
273	796.292	1.21721e-11	7.50448e-06	1.04301e-09	13.1336	0.000141414	143.76	59.9527
274	795.546	1.21949e-11	7.50448e-06	1.04398e-09	13.1336	0.000141414	144.478	59.981
275	794.8	1.22177e-11	7.50448e-06	1.04495e-09	13.1336	0.000141414	145.196	60.009
276	794.054	1.22406e-11	7.50448e-06	1.04592e-09	13.1336	0.000141414	145.915	60.0366
277	793.308	1.22635e-11	7.50448e-06	1.0469e-09	13.1336	0.000141414	146.634	60.0639
278	792.561	1.22865e-11	7.50448e-06	1.04788e-09	13.1336	0.000141414	147.353	60.0909
279	791.815	1.23095e-11	7.50448e-06	1.04886e-09	13.1336	0.000141414	148.072	60.1175
280	791.069	1.23327e-11	7.50448e-06	1.04984e-09	13.1336	0.000141414	148.792	60.1438
281	790.323	1.23559e-11	7.50448e-06	1.05082e-09	13.1336	0.000141414	149.512	60.1699
282	789.577	1.23791e-11	7.50448e-06	1.0518e-09	13.1336	0.000141414	150.233	60.1956
283	788.83	1.24025e-11	7.50448e-06	1.05279e-09	13.1336	0.000141414	150.954	60.221
284	788.084	1.24258e-11	7.50448e-06	1.05378e-09	13.1336	0.000141414	151.675	60.2461
285	787.338	1.24493e-11	7.50448e-06	1.05477e-09	13.1336	0.000141414	152.396	60.2709
286	786.592	1.24728e-11	7.50448e-06	1.05576e-09	13.1336	0.000141414	153.118	60.2954
287	785.846	1.24964e-11	7.50448e-06	1.05675e-09	13.1336	0.000141414	153.84	60.3196
288	785.1	1.25201e-11	7.50448e-06	1.05775e-09	13.1336	0.000141414	154.562	60.3435
289	784.353	1.25438e-11	7.50448e-06	1.05874e-09	13.1336	0.000141414	155.284	60.3672
290	783.607	1.25676e-11	7.50448e-06	1.05974e-09	13.1336	0.000141414	156.007	60.3905
291	782.861	1.25915e-11	7.50448e-06	1.06074e-09	13.1336	0.000141414	156.73	60.4136
292	782.115	1.26154e-11	7.50448e-06	1.06175e-09	13.1336	0.000141414	157.454	60.4364
293	781.369	1.26394e-11	7.50448e-06	1.06275e-09	13.1336	0.000141414	158.177	60.459
294	780.622	1.26634e-11	7.50448e-06	1.06376e-09	13.1336	0.000141414	158.901	60.4812
295	779.876	1.26876e-11	7.50448e-06	1.06477e-09	13.1336	0.000141414	159.625	60.5033
296	779.13	1.27118e-11	7.50448e-06	1.06578e-09	13.1336	0.000141414	160.35	60.525
297	778.384	1.2736e-11	7.50448e-06	1.06679e-09	13.1336	0.000141414	161.075	60.5465
298	777.638	1.27604e-11	7.50448e-06	1.0678e-09	13.1336	0.000141414	161.8	60.5677
299	776.892	1.27848e-11	7.50448e-06	1.06882e-09	13.1336	0.000141414	162.525	60.5887
300	776.145	1.28093e-11	7.50448e-06	1.06984e-09	13.1336	0.000141414	163.25	60.6094
301	775.399	1.28338e-11	7.50448e-06	1.07086e-09	13.1336	0.000141414	163.976	60.6299
302	774.653	1.28584e-11	7.50448e-06	1.07188e-09	13.1336	0.000141414	164.702	60.6502
303	773.907	1.28831e-11	7.50448e-06	1.0729e-09	13.1336	0.000141414	165.428	60.6702
304	773.161	1.29079e-11	7.50448e-06	1.07393e-09	13.1336	0.000141414	166.154	60.6899
305	772.414	1.29327e-11	7.50448e-06	1.07496e-09	13.1336	0.000141414	166.881	60.7095
306	771.668	1.29576e-11	7.50448e-06	1.07599e-09	13.1336	0.000141414	167.608	60.7288
307	770.922	1.29826e-11	7.50448e-06	1.07702e-09	13.1336	0.000141414	168.335	60.7478
308	770.176	1.30077e-11	7.50448e-06	1.07805e-09	13.1336	0.000141414	169.062	60.7667
309	769.43	1.30328e-11	7.50448e-06	1.07909e-09	13.1336	0.000141414	169.79	60.7853
310	768.684	1.3058e-11	7.50448e-06	1.08012e-09	13.1336	0.000141414	170.518	60.8037
311	767.937	1.30833e-11	7.50448e-06	1.08116e-09	13.1336	0.000141414	171.246	60.8218
312	767.191	1.31086e-11	7.50448e-06	1.08221e-09	13.1336	0.000141414	171.974	60.8398
313	766.445	1.3134e-11	7.50448e-06	1.08325e-09	13.1336	0.000141414	172.702	60.8576
314	765.699	1.31595e-11	7.50448e-06	1.08429e-09	13.1336	0.000141414	173.431	60.8751
315	764.953	1.31851e-11	7.50448e-06	1.08534e-09	13.1336	0.000141414	174.16	60.8924
316	764.206	1.32107e-11	7.50448e-06	1.08639e-09	13.1336	0.000141414	174.889	60.9095
317	763.46	1.32364e-11	7.50448e-06	1.08744e-09	13.1336	0.000141414	175.618	60.9265
318	762.714	1.32622e-11	7.50448e-06	1.0885e-09	13.1336	0.000141414	176.348	60.9432
319	761.968	1.32881e-11	7.50448e-06	1.08955e-09	13.1336	0.000141414	177.077	60.9597
320	761.222	1.3314e-11	7.50448e-06	1.09061e-09	13.1336	0.000141414	177.807	60.976
321	760.476	1.334e-11	7.50448e-06	1.09167e-09	13.1336	0.000141414	178.537	60.9921
322	759.729	1.33661e-11	7.50448e-06	1.09273e-09	13.1336	0.000141414	179.268	61.0081
323	758.983	1.33923e-11	7.50448e-06	1.0938e-09	13.1336	0.000141414	179.998	61.0238
324	758.237	1.34185e-11	7.50448e-06	1.09486e-09	13.1336	0.000141414	180.729	61.0394
325	757.491	1.34448e-11	7.50448e-06	1.09593e-09	13.1336	0.000141414	181.459	61.0548
326	756.745	1.34712e-11	7.50448e-06	1.097e-09	13.1336	0.000141414	182.19	61.07
327	755.998	1.34977e-11	7.50448e-06	1.09807e-09	13.1336	0.000141414	182.922	61.085
328	755.252	1.35243e-11	7.50448e-06	1.09915e-09	13.1336	0.000141414	183.653	61.0998
329	754.506	1.35509e-11	7.50448e-06	1.10022e-09	13.1336	0.000141414	184.384	61.1145
330	753.76	1.35776e-11	7.50448e-06	1.1013e-09	13.1336	0.000141414	185.116	61.1289
331	753.014	1.36044e-11	7.50448e-06	1.10238e-09	13.1336	0.000141414	185.848	61.1432
332	752.268	1.36313e-11	7.50448e-06	1.10346e-09	13.1336	0.000141414	186.58	61.1574
333	751.521	1.36582e-11	7.50448e-06	1.10455e-09	13.1336	0.000141414	187.312	61.1714
334	750.775	1.36852e-11	7.50448e-06	1.10564e-09	13.1336	0.000141414	188.045	61.1852
335	750.029	1.37123e-11	7.50448e-06	1.10672e-09	13.1336	0.000141414	188.777	61.1988
336	749.283	1.37395e-11	7.50448e-06	1.10782e-09	13.1336	0.000141414	189.51	61.2123
337	748.537	1.37668e-11	7.50448e-06	1.10891e-09	13.1336	0.000141414	190.243	61.2256
338	747.79	1.37941e-11	7.50448e-06	1.11e-09	13.1336	0.000141414	190.976	61.2388
339	747.044	1.38216e-11	7.50448e-06	1.1111e-09	13.1336	0.000141414	191.709	61.2518
340	746.298	1.38491e-11	7.50448e-06	1.1122e-09	13.1336	0.000141414	192.442	61.2646
341	745.552	1.38767e-11	7.50448e-06	1.1133e-09	13.1336	0.000141414	193.176	61.2773
342	744.806	1.39044e-11	7.50448e-06	1.11441e-09	13.1336	0.000141414	193.909	61.2899
343	744.06	1.39321e-11	7.50448e-06	1.11551e-09	13.1336	0.000141414	194.643	61.3023
344	743.313	1.396e-11	7.50448e-06	1.11662e-09	13.1336	0.000141414	195.377	61.3145
345	742.567	1.39879e-11	7.50448e-06	1.11773e-09	13.1336	0.000141414	196.111	61.3266
346	741.821	1.40159e-11	7.50448e-06	1.11885e-09	13.1336	0.000141414	196.845	61.3386
347	741.075	1.4044e-11	7.50448e-06	1.11996e-09	13.1336	0.000141414	197.58	61.3504
348	740.329	1.40722e-11	7.50448e-06	1.12108e-09	13.1336	0.000141414	198.314	61.3621
349	739.582	1.41005e-11	7.50448e-06	1.1222e-09	13.1336	0.000141414	199.049	61.3736
350	738.836	1.41288e-11	7.50448e-06	1.12332e-09	13.1336	0.000141414	199.784	61.385
351	738.09	1.41572e-11	7.50448e-06	1.12444e-09	13.1336	0.000141414	200.519	61.3963
352	737.344	1.41858e-11	7.50448e-06	1.12557e-09	13.1336	0.000141414	201.254	61.4074
353	736.598	1.42144e-11	7.50448e-06	1.1267e-09	13.1336	0.000141414	201.989	61.4184
354	735.852	1.42431e-11	7.50448e-06	1.12783e-09	13.1336	0.000141414	202.724	61.4293
355	735.105	1.42718e-11	7.50448e-06	1.12896e-09	13.1336	0.000141414	203.46	61.44
356	734.359	1.43007e-11	7.50448e-06	1.1301e-09	13.1336	0.000141414	204.195	61.4506
357	733.613	1.43297e-11	7.50448e-06	1.13124e-09	13.1336	0.000141414	204.931	61.4611
358	732.867	1.43587e-11	7.50448e-06	1.13238e-09	13.1336	0.000141414	205.667	61.4715
359	732.121	1.43878e-11	7.50448e-06	1.13352e-09	13.1336	0.000141414	206.403	61.4817
360	731.374	1.44171e-11	7.50448e-06	1.13466e-09	13.1336	0.000141414	207.139	61.4918
361	730.628	1.44464e-11	7.50448e-06	1.13581e-09	13.1336	0.000141414	207.875	61.5018
362	729.882	1.44758e-11	7.50448e-06	1.13696e-09	13.1336	0.000141414	208.611	61.5117
363	729.136	1.45053e-11	7.50448e-06	1.13811e-09	13.1336	0.000141414	209.348	61.5214
364	728.39	1.45348e-11	7.50448e-06	1.13926e-09	13.1336	0.000141414	210.084	61.5311
365	727.644	1.45645e-11	7.50448e-06	1.14042e-09	13.1336	0.000141414	210.821	61.5406
366	726.897	1.45943e-11	7.50448e-06	1.14158e-09	13.1336	0.000141414	211.558	61.55
367	726.151	1.46241e-11	7.50448e-06	1.14274e-09	13.1336	0.000141414	212.294	61.5593
368	725.405	1.4654e-11	7.50448e-06	1.1439e-09	13.1336	0.000141414	213.031	61.5685
369	724.659	1.46841e-11	7.50448e-06	1.14507e-09	13.1336	0.000141414	213.769	61.5776
370	723.913	1.47142e-11	7.50448e-06	1.14623e-09	13.1336	0.000141414	214.506	61.5866
371	723.166	1.47444e-11	7.50448e-06	1.1474e-09	13.1336	0.000141414	215.243	61.5955
372	722.42	1.47747e-11	7.50448e-06	1.14858e-09	13.1336	0.000141414	215.98	61.6042
373	721.674	1.48051e-11	7.50448e-06	1.14975e-09	13.1336	0.000141414	216.718	61.6129
374	720.928	1.48356e-11	7.50448e-06	1.15093e-09	13.1336	0.000141414	217.456	61.6214
375	720.182	1.48662e-11	7.50448e-06	1.15211e-09	13.1336	0.000141414	218.193	61.6299
376	719.436	1.48969e-11	7.50448e-06	1.15329e-09	13.1336	0.000141414	218.931	61.6383
377	718.689	1.49277e-11	7.50448e-06	1.15447e-09	13.1336	0.000141414	219.669	61.6465
378	717.943	1.49586e-11	7.50448e-06	1.15566e-09	13.1336	0.000141414	220.407	61.6547
379	717.197	1.49895e-11	7.50448e-06	1.15685e-09	13.1336	0.000141414	221.145	61.6627
380	716.451	1.50206e-11	7.50448e-06	1.15804e-09	13.1336	0.000141414	221.883	61.6707
381	715.705	1.50518e-11	7.50448e-06	1.15924e-09	13.1336	0.000141414	222.622	61.6786
382	714.958	1.5083e-11	7.50448e-06	1.16043e-09	13.1336	0.000141414	223.36	61.6864
383	714.212	1.51144e-11	7.50448e-06	1.16163e-09	13.1336	0.000141414	224.099	61.694
384	713.466	1.51459e-11	7.50448e-06	1.16283e-09	13.1336	0.000141414	224.837	61.7016
385	712.72	1.51774e-11	7.50448e-06	1.16404e-09	13.1336	0.000141414	225.576	61.7091
386	711.974	1.52091e-11	7.50448e-06	1.16524e-09	13.1336	0.000141414	226.315	61.7165
387	711.228	1.52408e-11	7.50448e-06	1.16645e-09	13.1336	0.000141414	227.054	61.7239
388	710.481	1.52727e-11	7.50448e-06	1.16767e-09	13.1336	0.000141414	227.792	61.7311
389	709.735	1.53046e-11	7.50448e-06	1.16888e-09	13.1336	0.000141414	228.532	61.7383
390	708.989	1.53367e-11	7.50448e-06	1.1701e-09	13.1336	0.000141414	229.271	61.7453
391	708.243	1.53688e-11	7.50448e-06	1.17131e-09	13.1336	0.000141414	230.01	61.7523
392	707.497	1.54011e-11	7.50448e-06	1.17254e-09	13.1336	0.000141414	230.749	61.7592
393	706.75	1.54334e-11	7.50448e-06	1.17376e-09	13.1336	0.000141414	231.488	61.766
394	706.004	1.54659e-11	7.50448e-06	1.17499e-09	13.1336	0.000141414	232.228	61.7728
395	705.258	1.54985e-11	7.50448e-06	1.17622e-09	13.1336	0.000141414	232.967	61.7794
396	704.512	1.55311e-11	7.50448e-06	1.17745e-09	13.1336	0.000141414	233.707	61.786
397	703.766	1.55639e-11	7.50448e-06	1.17868e-09	13.1336	0.000141414	234.447	61.7925
398	703.02	1.55968e-11	7.50448e-06	1.17992e-09	13.1336	0.000141414	235.186	61.7989
399	702.273	1.56297e-11	7.50448e-06	1.18116e-09	13.1336	0.000141414	235.926	61.8053
400	701.527	1.56628e-11	7.50448e-06	1.1824e-09	13.1336	0.000141414	236.666	61.8116
401	700.781	1.5696e-11	7.50448e-06	1.18365e-09	13.1336	0.000141414	237.406	61.8177
402	700.035	1.57293e-11	7.50448e-06	1.18489e-09	13.1336	0.000141414	238.146	61.8239
403	699.289	1.57627e-11	7.50448e-06	1.18614e-09	13.1336	0.000141414	238.886	61.8299
404	698.542	1.57962e-11	7.50448e-06	1.1874e-09	13.1336	0.000141414	239.627	61.8359
405	697.796	1.58298e-11	7.50448e-06	1.18865e-09	13.1336	0.000141414	240.367	61.8418
406	697.05	1.58635e-11	7.50448e-06	1.18991e-09	13.1336	0.000141414	241.107	61.8476
407	696.304	1.58973e-11	7.50448e-06	1.19117e-09	13.1336	0.000141414	241.848	61.8534
408	695.558	1.59313e-11	7.50448e-06	1.19243e-09	13.1336	0.000141414	242.588	61.8591
409	694.812	1.59653e-11	7.50448e-06	1.1937e-09	13.1336	0.000141414	243.329	61.8647
410	694.065	1.59995e-11	7.50448e-06	1.19497e-09	13.1336	0.000141414	244.069	61.8703
411	693.319	1.60337e-11	7.50448e-06	1.19624e-09	13.1336	0.000141414	244.81	61.8758
412	692.573	1.60681e-11	7.50448e-06	1.19751e-09	13.1336	0.000141414	245.551	61.8812
413	691.827	1.61026e-11	7.50448e-06	1.19879e-09	13.1336	0.000141414	246.292	61.8866
414	691.081	1.61371e-11	7.50448e-06	1.20007e-09	13.1336	0.000141414	247.032	61.8919
415	690.335	1.61718e-11	7.50448e-06	1.20135e-09	13.1336	0.000141414	247.773	61.8972
416	689.588	1.62067e-11	7.50448e-06	1.20263e-09	13.1336	0.000141414	248.514	61.9023
417	688.842	1.62416e-11	7.50448e-06	1.20392e-09	13.1336	0.000141414	249.255	61.9074
418	688.096	1.62766e-11	7.50448e-06	1.20521e-09	13.1336	0.000141414	249.997	61.9125
419	687.35	1.63118e-11	7.50448e-06	1.2065e-09	13.1336	0.000141414	250.738	61.9175
420	686.604	1.6347e-11	7.50448e-06	1.2078e-09	13.1336	0.000141414	251.479	61.9224
421	685.857	1.63824e-11	7.50448e-06	1.2091e-09	13.1336	0.000141414	252.22	61.9273
422	685.111	1.64179e-11	7.50448e-06	1.2104e-09	13.1336	0.000141414	252.962	61.9321
423	684.365	1.64535e-11	7.50448e-06	1.2117e-09	13.1336	0.000141414	253.703	61.9369
424	683.619	1.64892e-11	7.50448e-06	1.21301e-09	13.1336	0.000141414	254.445	61.9416
425	682.873	1.65251e-11	7.50448e-06	1.21432e-09	13.1336	0.000141414	255.186	61.9463
426	682.127	1.6561e-11	7.50448e-06	1.21563e-09	13.1336	0.000141414	255.928	61.9508
427	681.38	1.65971e-11	7.50448e-06	1.21695e-09	13.1336	0.000141414	256.669	61.9554
428	680.634	1.66333e-11	7.50448e-06	1.21827e-09	13.1336	0.000141414	257.411	61.9599
429	679.888	1.66696e-11	7.50448e-06	1.21959e-09	13.1336	0.000141414	258.153	61.9643
430	679.142	1.6706e-11	7.50448e-06	1.22091e-09	13.1336	0.000141414	258.895	61.9687
431	678.396	1.67426e-11	7.50448e-06	1.22224e-09	13.1336	0.000141414	259.636	61.973
432	677.649	1.67792e-11	7.50448e-06	1.22357e-09	13.1336	0.000141414	260.378	61.9773
433	676.903	1.6816e-11	7.50448e-06	1.2249e-09	13.1336	0.000141414	261.12	61.9815
434	676.157	1.68529e-11	7.50448e-06	1.22623e-09	13.1336	0.000141414	261.862	61.9857
435	675.411	1.689e-11	7.50448e-06	1.22757e-09	13.1336	0.000141414	262.604	61.9898
436	674.665	1.69271e-11	7.50448e-06	1.22891e-09	13.1336	0.000141414	263.346	61.9939
437	673.919	1.69644e-11	7.50448e-06	1.23026e-09	13.1336	0.000141414	264.089	61.9979
438	673.172	1.70018e-11	7.50448e-06	1.2316e-09	13.1336	0.000141414	264.831	62.0019
439	672.426	1.70393e-11	7.50448e-06	1.23295e-09	13.1336	0.000141414	265.573	62.0058
440	671.68	1.7077e-11	7.50448e-06	1.23431e-09	13.1336	0.000141414	266.315	62.0097
441	670.934	1.71147e-11	7.50448e-06	1.23566e-09	13.1336	0.000141414	267.058	62.0136
442	670.188	1.71526e-11	7.50448e-06	1.23702e-09	13.1336	0.000141414	267.8	62.0174
443	669.441	1.71906e-11	7.50448e-06	1.23838e-09	13.1336	0.000141414	268.542	62.0211
444	668.695	1.72288e-11	7.50448e-06	1.23975e-09	13.1336	0.000141414	269.285	62.0248
445	667.949	1.72671e-11	7.50448e-06	1.24112e-09	13.1336	0.000141414	270.027	62.0285
446	667.203	1.73055e-11	7.50448e-06	1.24249e-09	13.1336	0.000141414	270.77	62.0321
447	666.457	1.7344e-11	7.50448e-06	1.24386e-09	13.1336	0.000141414	271.513	62.0357
448	665.711	1.73827e-11	7.50448e-06	1.24524e-09	13.1336	0.000141414	272.255	62.0392
449	664.964	1.74214e-11	7.50448e-06	1.24662e-09	13.1336	0.000141414	272.998	62.0427
450	664.218	1.74604e-11	7.50448e-06	1.248e-09	13.1336	0.000141414	273.741	62.0461
451	663.472	1.74994e-11	7.50448e-06	1.24939e-09	13.1336	0.000141414	274.483	62.0495
452	662.726	1.75386e-11	7.50448e-06	1.25077e-09	13.1336	0.000141414	275.226	62.0529
453	661.98	1.75779e-11	7.50448e-06	1.25217e-09	13.1336	0.000141414	275.969	62.0562
454	661.233	1.76173e-11	7.50448e-06	1.25356e-09	13.1336	0.000141414	276.712	62.0595
455	660.487	1.76569e-11	7.50448e-06	1.25496e-09	13.1336	0.000141414	277.455	62.0628
456	659.741	1.76966e-11	7.50448e-06	1.25636e-09	13.1336	0.000141414	278.198	62.066
457	658.995	1.77364e-11	7.50448e-06	1.25776e-09	13.1336	0.000141414	278.941	62.0692
458	658.249	1.77764e-11	7.50448e-06	1.25917e-09	13.1336	0.000141414	279.684	62.0723
459	657.503	1.78165e-11	7.50448e-06	1.26058e-09	13.1336	0.000141414	280.427	62.0754
460	656.756	1.78568e-11	7.50448e-06	1.262e-09	13.1336	0.000141414	281.17	62.0784
461	656.01	1.78971e-11	7.50448e-06	1.26341e-09	13.1336	0.000141414	281.913	62.0815
462	655.264	1.79377e-11	7.50448e-06	1.26483e-09	13.1336	0.000141414	282.657	62.0845
463	654.518	1.79783e-11	7.50448e-06	1.26626e-09	13.1336	0.000141414	283.4	62.0874
464	653.772	1.80191e-11	7.50448e-06	1.26768e-09	13.1336	0.000141414	284.143	62.0903
465	653.025	1.806e-11	7.50448e-06	1.26911e-09	13.1336	0.000141414	284.886	62.0932
466	652.279	1.81011e-11	7.50448e-06	1.27055e-09	13.1336	0.000141414	285.63	62.0961
467	651.533	1.81423e-11	7.50448e-06	1.27198e-09	13.1336	0.000141414	286.373	62.0989
468	650.787	1.81837e-11	7.50448e-06	1.27342e-09	13.1336	0.000141414	287.116	62.1016
469	650.041	1.82252e-11	7.50448e-06	1.27486e-09	13.1336	0.000141414	287.86	62.1044
470	649.295	1.82668e-11	7.50448e-06	1.27631e-09	13.1336	0.000141414	288.603	62.1071
471	648.548	1.83086e-11	7.50448e-06	1.27776e-09	13.1336	0.000141414	289.347	62.1098
472	647.802	1.83505e-11	7.50448e-06	1.27921e-09	13.1336	0.000141414	290.09	62.1124
473	647.056	1.83926e-11	7.50448e-06	1.28067e-09	13.1336	0.000141414	290.834	62.1151
474	646.31	1.84348e-11	7.50448e-06	1.28212e-09	13.1336	0.000141414	291.578	62.1177
475	645.564	1.84772e-11	7.50448e-06	1.28359e-09	13.1336	0.000141414	292.321	62.1202
476	644.817	1.85197e-11	7.50448e-06	1.28505e-09	13.1336	0.000141414	293.065	62.1227
477	644.071	1.85623e-11	7.50448e-06	1.28652e-09	13.1336	0.000141414	293.808	62.1252
478	643.325	1.86051e-11	7.50448e-06	1.28799e-09	13.1336	0.000141414	294.552	62.1277
479	642.579	1.86481e-11	7.50448e-06	1.28947e-09	13.1336	0.000141414	295.296	62.1301
480	641.833	1.86911e-11	7.50448e-06	1.29095e-09	13.1336	0.000141414	296.04	62.1326
481	641.087	1.87344e-11	7.50448e-06	1.29243e-09	13.1336	0.000141414	296.784	62.1349
482	640.34	1.87778e-11	7.50448e-06	1.29392e-09	13.1336	0.000141414	297.527	62.1373
483	639.594	1.88213e-11	7.50448e-06	1.2954e-09	13.1336	0.000141414	298.271	62.1396
484	638.848	1.8865e-11	7.50448e-06	1.2969e-09	13.1336	0.000141414	299.015	62.1419
485	638.102	1.89089e-11	7.50448e-06	1.29839e-09	13.1336	0.000141414	299.759	62.1442
486	637.356	1.89529e-11	7.50448e-06	1.29989e-09	13.1336	0.000141414	300.503	62.1464
487	636.609	1.8997e-11	7.50448e-06	1.30139e-09	13.1336	0.000141414	301.247	62.1486
488	635.863	1.90413e-11	7.50448e-06	1.3029e-09	13.1336	0.000141414	301.991	62.1508
489	635.117	1.90858e-11	7.50448e-06	1.30441e-09	13.1336	0.000141414	302.735	62.153
490	634.371	1.91304e-11	7.50448e-06	1.30592e-09	13.1336	0.000141414	303.479	62.1551
491	633.625	1.91751e-11	7.50448e-06	1.30744e-09	13.1336	0.000141414	304.223	62.1572
492	632.879	1.92201e-11	7.50448e-06	1.30896e-09	13.1336	0.000141414	304.967	62.1593
493	632.132	1.92651e-11	7.50448e-06	1.31048e-09	13.1336	0.000141414	305.711	62.1614
494	631.386	1.93104e-11	7.50448e-06	1.31201e-09	13.1336	0.000141414	306.455	62.1634
495	630.64	1.93558e-11	7.50448e-06	1.31354e-09	13.1336	0.000141414	307.2	62.1654
496	629.894	1.94013e-11	7.50448e-06	1.31508e-09	13.1336	0.000141414	307.944	62.1674
497	629.148	1.9447e-11	7.50448e-06	1.31661e-09	13.1336	0.000141414	308.688	62.1694
498	628.401	1.94929e-11	7.50448e-06	1.31815e-09	13.1336	0.000141414	309.432	62.1713
499	627.655	1.9539e-11	7.50448e-06	1.3197e-09	13.1336	0.000141414	310.176	62.1733
500	626.909	1.95852e-11	7.50448e-06	1.32125e-09	13.1336	0.000141414	310.921	62.1752
501	626.163	1.96316e-11	7.50448e-06	1.3228e-09	13.1336	0.000141414	311.665	62.177
502	625.417	1.96781e-11	7.50448e-06	1.32436e-09	13.1336	0.000141414	312.409	62.1789
503	624.671	1.97248e-11	7.50448e-06	1.32592e-09	13.1336	0.000141414	313.154	62.1807
504	623.924	1.97717e-11	7.50448e-06	1.32748e-09	13.1336	0.000141414	313.898	62.1825
505	623.178	1.98187e-11	7.50448e-06	1.32905e-09	13.1336	0.000141414	314.642	62.1843
506	622.432	1.98659e-11	7.50448e-06	1.33062e-09	13.1336	0.000141414	315.387	62.1861
507	621.686	1.99133e-11	7.50448e-06	1.33219e-09	13.1336	0.000141414	316.131	62.1878
508	620.94	1.99608e-11	7.50448e-06	1.33377e-09	13.1336	0.000141414	316.876	62.1896
509	620.193	2.00085e-11	7.50448e-06	1.33535e-09	13.1336	0.000141414	317.62	62.1913
510	619.447	2.00564e-11	7.50448e-06	1.33693e-09	13.1336	0.000141414	318.365	62.1929
511	618.701	2.01045e-11	7.50448e-06	1.33852e-09	13.1336	0.000141414	319.109	62.1946
512	617.955	2.01527e-11	7.50448e-06	1.34012e-09	13.1336	0.000141414	319.854	62.1962
513	617.209	2.02011e-11	7.50448e-06	1.34171e-09	13.1336	0.000141414	320.598	62.1979
514	616.463	2.02497e-11	7.50448e-06	1.34331e-09	13.1336	0.000141414	321.343	62.1995
515	615.716	2.02985e-11	7.50448e-06	1.34492e-09	13.1336	0.000141414	322.088	62.2011
516	614.97	2.03474e-11	7.50448e-06	1.34652e-09	13.1336	0.000141414	322.832	62.2026
517	614.224	2.03965e-11	7.50448e-06	1.34814e-09	13.1336	0.000141414	323.577	62.2042
518	613.478	2.04458e-11	7.50448e-06	1.34975e-09	13.1336	0.000141414	324.321	62.2057
519	612.732	2.04953e-11	7.50448e-06	1.35137e-09	13.1336	0.000141414	325.066	62.2072
520	611.985	2.05449e-11	7.50448e-06	1.35299e-09	13.1336	0.000141414	325.811	62.2087
521	611.239	2.05947e-11	7.50448e-06	1.35462e-09	13.1336	0.000141414	326.556	62.2102
522	610.493	2.06447e-11	7.50448e-06	1.35625e-09	13.1336	0.000141414	327.3	62.2117
523	609.747	2.06949e-11	7.50448e-06	1.35789e-09	13.1336	0.000141414	328.045	62.2131
524	609.001	2.07453e-11	7.50448e-06	1.35953e-09	13.1336	0.000141414	328.79	62.2145
525	608.255	2.07958e-11	7.50448e-06	1.36117e-09	13.1336	0.000141414	329.535	62.2159
526	607.508	2.08466e-11	7.50448e-06	1.36282e-09	13.1336	0.000141414	330.279	62.2173
527	606.762	2.08975e-11	7.50448e-06	1.36447e-09	13.1336	0.000141414	331.024	62.2187
528	606.016	2.09486e-11	7.50448e-06	1.36612e-09	13.1336	0.000141414	331.769	62.22
529	605.27	2.09999e-11	7.50448e-06	1.36778e-09	13.1336	0.000141414	332.514	62.2214
530	604.524	2.10513e-11	7.50448e-06	1.36944e-09	13.1336	0.000141414	333.259	62.2227
531	603.777	2.1103e-11	7.50448e-06	1.37111e-09	13.1336	0.000141414	334.004	62.224
532	603.031	2.11549e-11	7.50448e-06	1.37278e-09	13.1336	0.000141414	334.748	62.2253
533	602.285	2.12069e-11	7.50448e-06	1.37445e-09	13.1336	0.000141414	335.493	62.2266
534	601.539	2.12591e-11	7.50448e-06	1.37613e-09	13.1336	0.000141414	336.238	62.2279
535	600.793	2.13116e-11	7.50448e-06	1.37782e-09	13.1336	0.000141414	336.983	62.2291
536	600.047	2.13642e-11	7.50448e-06	1.3795e-09	13.1336	0.000141414	337.728	62.2303
537	599.3	2.1417e-11	7.50448e-06	1.38119e-09	13.1336	0.000141414	338.473	62.2316
538	598.554	2.147e-11	7.50448e-06	1.38289e-09	13.1336	0.000141414	339.218	62.2328
539	597.808	2.15232e-11	7.50448e-06	1.38459e-09	13.1336	0.000141414	339.963	62.234
540	597.062	2.15766e-11	7.50448e-06	1.38629e-09	13.1336	0.000141414	340.708	62.2351
541	596.316	2.16302e-11	7.50448e-06	1.388e-09	13.1336	0.000141414	341.453	62.2363
542	595.569	2.1684e-11	7.50448e-06	1.38971e-09	13.1336	0.000141414	342.198	62.2374
543	594.823	2.1738e-11	7.50448e-06	1.39143e-09	13.1336	0.000141414	342.943	62.2386
544	594.077	2.17922e-11	7.50448e-06	1.39315e-09	13.1336	0.000141414	343.688	62.2397
545	593.331	2.18466e-11	7.50448e-06	1.39487e-09	13.1336	0.000141414	344.433	62.2408
546	592.585	2.19013e-11	7.50448e-06	1.3966e-09	13.1336	0.000141414	345.178	62.2419
547	591.839	2.19561e-11	7.50448e-06	1.39833e-09	13.1336	0.000141414	345.923	62.243
548	591.092	2.20111e-11	7.50448e-06	1.40007e-09	13.1336	0.000141414	346.669	62.2441
549	590.346	2.20663e-11	7.50448e-06	1.40181e-09	13.1336	0.000141414	347.414	62.2451
550	589.6	2.21218e-11	7.50448e-06	1.40356e-09	13.1336	0.000141414	348.159	62.2462
551	588.854	2.21774e-11	7.50448e-06	1.40531e-09	13.1336	0.000141414	348.904	62.2472
552	588.108	2.22333e-11	7.50448e-06	1.40706e-09	13.1336	0.000141414	349.649	62.2482
553	587.361	2.22894e-11	7.50448e-06	1.40882e-09	13.1336	0.000141414	350.394	62.2492
554	586.615	2.23456e-11	7.50448e-06	1.41058e-09	13.1336	0.000141414	351.139	62.2502
555	585.869	2.24021e-11	7.50448e-06	1.41235e-09	13.1336	0.000141414	351.885	62.2512
556	585.123	2.24588e-11	7.50448e-06	1.41412e-09	13.1336	0.000141414	352.63	62.2522
557	584.377	2.25158e-11	7.50448e-06	1.4159e-09	13.1336	0.000141414	353.375	62.2531
558	583.631	2.25729e-11	7.50448e-06	1.41768e-09	13.1336	0.000141414	354.12	62.2541
559	582.884	2.26303e-11	7.50448e-06	1.41947e-09	13.1336	0.000141414	354.866	62.255
560	582.138	2.26879e-11	7.50448e-06	1.42126e-09	13.1336	0.000141414	355.611	62.2559
561	581.392	2.27457e-11	7.50448e-06	1.42305e-09	13.1336	0.000141414	356.356	62.2568
562	580.646	2.28037e-11	7.50448e-06	1.42485e-09	13.1336	0.000141414	357.101	62.2577
563	579.9	2.28619e-11	7.50448e-06	1.42665e-09	13.1336	0.000141414	357.847	62.2586
564	579.153	2.29204e-11	7.50448e-06	1.42846e-09	13.1336	0.000141414	358.592	62.2595
565	578.407	2.29791e-11	7.50448e-06	1.43027e-09	13.1336	0.000141414	359.337	62.2604
566	577.661	2.3038e-11	7.50448e-06	1.43209e-09	13.1336	0.000141414	360.083	62.2613
567	576.915	2.30971e-11	7.50448e-06	1.43391e-09	13.1336	0.000141414	360.828	62.2621
568	576.169	2.31565e-11	7.50448e-06	1.43574e-09	13.1336	0.000141414	361.573	62.263
569	575.423	2.32161e-11	7.50448e-06	1.43757e-09	13.1336	0.000141414	362.319	62.2638
570	574.676	2.32759e-11	7.50448e-06	1.4394e-09	13.1336	0.000141414	363.064	62.2646
571	573.93	2.33359e-11	7.50448e-06	1.44124e-09	13.1336	0.000141414	363.809	62.2654
572	573.184	2.33962e-11	7.50448e-06	1.44309e-09	13.1336	0.000141414	364.555	62.2662
573	572.438	2.34567e-11	7.50448e-06	1.44493e-09	13.1336	0.000141414	365.3	62.267
574	571.692	2.35175e-11	7.50448e-06	1.44679e-09	13.1336	0.000141414	366.046	62.2678
575	570.945	2.35785e-11	7.50448e-06	1.44865e-09	13.1336	0.000141414	366.791	62.2686
576	570.199	2.36397e-11	7.50448e-06	1.45051e-09	13.1336	0.000141414	367.536	62.2693
577	569.453	2.37012e-11	7.50448e-06	1.45238e-09	13.1336	0.000141414	368.282	62.2701
578	568.707	2.37629e-11	7.50448e-06	1.45425e-09	13.1336	0.000141414	369.027	62.2708
579	567.961	2.38248e-11	7.50448e-06	1.45613e-09	13.1336	0.000141414	369.773	62.2716
580	567.215	2.3887e-11	7.50448e-06	1.45801e-09	13.1336	0.000141414	370.518	62.2723
581	566.468	2.39494e-11	7.50448e-06	1.4599e-09	13.1336	0.000141414	371.264	62.273
582	565.722	2.40121e-11	7.50448e-06	1.46179e-09	13.1336	0.000141414	372.009	62.2737
583	564.976	2.4075e-11	7.50448e-06	1.46369e-09	13.1336	0.000141414	372.755	62.2744
584	564.23	2.41382e-11	7.50448e-06	1.46559e-09	13.1336	0.000141414	373.5	62.2751
585	563.484	2.42016e-11	7.50448e-06	1.4675e-09	13.1336	0.000141414	374.246	62.2758
586	562.737	2.42652e-11	7.50448e-06	1.46941e-09	13.1336	0.000141414	374.991	62.2765
587	561.991	2.43292e-11	7.50448e-06	1.47133e-09	13.1336	0.000141414	375.737	62.2772
588	561.245	2.43933e-11	7.50448e-06	1.47325e-09	13.1336	0.000141414	376.482	62.2778
589	560.499	2.44577e-11	7.50448e-06	1.47517e-09	13.1336	0.000141414	377.228	62.2785
590	559.753	2.45224e-11	7.50448e-06	1.47711e-09	13.1336	0.000141414	377.973	62.2791
591	559.007	2.45873e-11	7.50448e-06	1.47904e-09	13.1336	0.000141414	378.719	62.2798
592	558.26	2.46525e-11	7.50448e-06	1.48098e-09	13.1336	0.000141414	379.464	62.2804
593	557.514	2.4718e-11	7.50448e-06	1.48293e-09	13.1336	0.000141414	380.21	62.281
594	556.768	2.47837e-11	7.50448e-06	1.48488e-09	13.1336	0.000141414	380.955	62.2816
595	556.022	2.48496e-11	7.50448e-06	1.48684e-09	13.1336	0.000141414	381.701	62.2823
596	555.276	2.49159e-11	7.50448e-06	1.4888e-09	13.1336	0.000141414	382.446	62.2829
597	554.529	2.49823e-11	7.50448e-06	1.49077e-09	13.1336	0.000141414	383.192	62.2835
598	553.783	2.50491e-11	7.50448e-06	1.49274e-09	13.1336	0.000141414	383.938	62.284
599	553.037	2.51161e-11	7.50448e-06	1.49472e-09	13.1336	0.000141414	384.683	62.2846
600	552.291	2.51834e-11	7.50448e-06	1.4967e-09	13.1336	0.000141414	385.429	62.2852
601	551.545	2.5251e-11	7.50448e-06	1.49869e-09	13.1336	0.000141414	386.174	62.2858
602	550.799	2.53188e-11	7.50448e-06	1.50068e-09	13.1336	0.000141414	386.92	62.2863
603	550.052	2.53869e-11	7.50448e-06	1.50268e-09	13.1336	0.000141414	387.666	62.2869
604	549.306	2.54553e-11	7.50448e-06	1.50469e-09	13.1336	0.000141414	388.411	62.2874
605	548.56	2.5524e-11	7.50448e-06	1.5067e-09	13.1336	0.000141414	389.157	62.288
606	547.814	2.55929e-11	7.50448e-06	1.50871e-09	13.1336	0.000141414	389.903	62.2885
607	547.068	2.56621e-11	7.50448e-06	1.51073e-09	13.1336	0.000141414	390.648	62.289
608	546.321	2.57316e-11	7.50448e-06	1.51275e-09	13.1336	0.000141414	391.394	62.2896
609	545.575	2.58014e-11	7.50448e-06	1.51478e-09	13.1336	0.000141414	392.14	62.2901
610	544.829	2.58714e-11	7.50448e-06	1.51682e-09	13.1336	0.000141414	392.885	62.2906
611	544.083	2.59418e-11	7.50448e-06	1.51886e-09	13.1336	0.000141414	393.631	62.2911
612	543.337	2.60124e-11	7.50448e-06	1.52091e-09	13.1336	0.000141414	394.377	62.2916
613	542.591	2.60833e-11	7.50448e-06	1.52296e-09	13.1336	0.000141414	395.122	62.2921
614	541.844	2.61545e-11	7.50448e-06	1.52502e-09	13.1336	0.000141414	395.868	62.2926
615	541.098	2.6226e-11	7.50448e-06	1.52708e-09	13.1336	0.000141414	396.614	62.293
616	540.352	2.62978e-11	7.50448e-06	1.52915e-09	13.1336	0.000141414	397.359	62.2935
617	539.606	2.63699e-11	7.50448e-06	1.53123e-09	13.1336	0.000141414	398.105	62.294
618	538.86	2.64423e-11	7.50448e-06	1.53331e-09	13.1336	0.000141414	398.851	62.2944
619	538.113	2.6515e-11	7.50448e-06	1.53539e-09	13.1336	0.000141414	399.597	62.2949
620	537.367	2.65879e-11	7.50448e-06	1.53748e-09	13.1336	0.000141414	400.342	62.2954
621	536.621	2.66612e-11	7.50448e-06	1.53958e-09	13.1336	0.000141414	401.088	62.2958
622	535.875	2.67348e-11	7.50448e-06	1.54168e-09	13.1336	0.000141414	401.834	62.2962
623	535.129	2.68087e-11	7.50448e-06	1.54379e-09	13.1336	0.000141414	402.58	62.2967
624	534.383	2.68829e-11	7.50448e-06	1.5459e-09	13.1336	0.000141414	403.325	62.2971
625	533.636	2.69574e-11	7.50448e-06	1.54802e-09	13.1336	0.000141414	404.071	62.2975
626	532.89	2.70322e-11	7.50448e-06	1.55015e-09	13.1336	0.000141414	404.817	62.298
627	532.144	2.71073e-11	7.50448e-06	1.55228e-09	13.1336	0.000141414	405.563	62.2984
628	531.398	2.71828e-11	7.50448e-06	1.55442e-09	13.1336	0.000141414	406.308	62.2988
629	530.652	2.72585e-11	7.50448e-06	1.55656e-09	13.1336	0.000141414	407.054	62.2992
630	529.906	2.73346e-11	7.50448e-06	1.55871e-09	13.1336	0.000141414	407.8	62.2996
631	529.159	2.7411e-11	7.50448e-06	1.56086e-09	13.1336	0.000141414	408.546	62.3
632	528.413	2.74877e-11	7.50448e-06	1.56302e-09	13.1336	0.000141414	409.291	62.3004
633	527.667	2.75647e-11	7.50448e-06	1.56519e-09	13.1336	0.000141414	410.037	62.3008
634	526.921	2.7642e-11	7.50448e-06	1.56736e-09	13.1336	0.000141414	410.783	62.3011
635	526.175	2.77197e-11	7.50448e-06	1.56954e-09	13.1336	0.000141414	411.529	62.3015
636	525.428	2.77977e-11	7.50448e-06	1.57172e-09	13.1336	0.000141414	412.275	62.3019
637	524.682	2.7876e-11	7.50448e-06	1.57391e-09	13.1336	0.000141414	413.02	62.3023
638	523.936	2.79547e-11	7.50448e-06	1.57611e-09	13.1336	0.000141414	413.766	62.3026
639	523.19	2.80337e-11	7.50448e-06	1.57831e-09	13.1336	0.000141414	414.512	62.303
640	522.444	2.8113e-11	7.50448e-06	1.58052e-09	13.1336	0.000141414	415.258	62.3033
641	521.698	2.81927e-11	7.50448e-06	1.58274e-09	13.1336	0.000141414	416.004	62.3037
642	520.951	2.82727e-11	7.50448e-06	1.58496e-09	13.1336	0.000141414	416.75	62.304
643	520.205	2.8353e-11	7.50448e-06	1.58718e-09	13.1336	0.000141414	417.495	62.3044
644	519.459	2.84337e-11	7.50448e-06	1.58942e-09	13.1336	0.000141414	418.241	62.3047
645	518.713	2.85147e-11	7.50448e-06	1.59166e-09	13.1336	0.000141414	418.987	62.3051
646	517.967	2.85961e-11	7.50448e-06	1.5939e-09	13.1336	0.000141414	419.733	62.3054
647	517.22	2.86778e-11	7.50448e-06	1.59615e-09	13.1336	0.000141414	420.479	62.3057
648	516.474	2.87599e-11	7.50448e-06	1.59841e-09	13.1336	0.000141414	421.225	62.306
649	515.728	2.88423e-11	7.50448e-06	1.60068e-09	13.1336	0.000141414	421.971	62.3064
650	514.982	2.89251e-11	7.50448e-06	1.60295e-09	13.1336	0.000141414	422.716	62.3067
651	514.236	2.90082e-11	7.50448e-06	1.60523e-09	13.1336	0.000141414	423.462	62.307
652	513.49	2.90917e-11	7.50448e-06	1.60751e-09	13.1336	0.000141414	424.208	62.3073
653	512.743	2.91755e-11	7.50448e-06	1.6098e-09	13.1336	0.000141414	424.954	62.3076
654	511.997	2.92597e-11	7.50448e-06	1.6121e-09	13.1336	0.000141414	425.7	62.3079
655	511.251	2.93443e-11	7.50448e-06	1.6144e-09	13.1336	0.000141414	426.446	62.3082
656	510.505	2.94292e-11	7.50448e-06	1.61671e-09	13.1336	0.000141414	427.192	62.3085
657	509.759	2.95145e-11	7.50448e-06	1.61903e-09	13.1336	0.000141414	427.938	62.3088
658	509.012	2.96002e-11	7.50448e-06	1.62135e-09	13.1336	0.000141414	428.683	62.3091
659	508.266	2.96863e-11	7.50448e-06	1.62368e-09	13.1336	0.000141414	429.429	62.3094
660	507.52	2.97727e-11	7.50448e-06	1.62601e-09	13.1336	0.000141414	430.175	62.3096
661	506.774	2.98595e-11	7.50448e-06	1.62836e-09	13.1336	0.000141414	430.921	62.3099
662	506.028	2.99467e-11	7.50448e-06	1.63071e-09	13.1336	0.000141414	431.667	62.3102
663	505.282	3.00342e-11	7.50448e-06	1.63306e-09	13.1336	0.000141414	432.413	62.3105
664	504.535	3.01221e-11	7.50448e-06	1.63543e-09	13.1336	0.000141414	433.159	62.3107
665	503.789	3.02105e-11	7.50448e-06	1.63779e-09	13.1336	0.000141414	433.905	62.311
666	503.043	3.02992e-11	7.50448e-06	1.64017e-09	13.1336	0.000141414	434.651	62.3113
667	502.297	3.03883e-11	7.50448e-06	1.64255e-09	13.1336	0.000141414	435.397	62.3115
668	501.551	3.04778e-11	7.50448e-06	1.64494e-09	13.1336	0.000141414	436.143	62.3118
669	500.804	3.05676e-11	7.50448e-06	1.64734e-09	13.1336	0.000141414	436.889	62.312
670	500.058	3.06579e-11	7.50448e-06	1.64975e-09	13.1336	0.000141414	437.634	62.3123
671	499.312	3.07486e-11	7.50448e-06	1.65216e-09	13.1336	0.000141414	438.38	62.3125
672	498.566	3.08397e-11	7.50448e-06	1.65457e-09	13.1336	0.000141414	439.126	62.3128
673	497.82	3.09312e-11	7.50448e-06	1.657e-09	13.1336	0.000141414	439.872	62.313
674	497.074	3.1023e-11	7.50448e-06	1.65943e-09	13.1336	0.000141414	440.618	62.3132
675	496.327	3.11153e-11	7.50448e-06	1.66187e-09	13.1336	0.000141414	441.364	62.3135
676	495.581	3.1208e-11	7.50448e-06	1.66432e-09	13.1336	0.000141414	442.11	62.3137
677	494.835	3.13012e-11	7.50448e-06	1.66677e-09	13.1336	0.000141414	442.856	62.3139
678	494.089	3.13947e-11	7.50448e-06	1.66923e-09	13.1336	0.000141414	443.602	62.3142
679	493.343	3.14887e-11	7.50448e-06	1.6717e-09	13.1336	0.000141414	444.348	62.3144
680	492.596	3.1583e-11	7.50448e-06	1.67417e-09	13.1336	0.000141414	445.094	62.3146
681	491.85	3.16778e-11	7.50448e-06	1.67665e-09	13.1336	0.000141414	445.84	62.3148
682	491.104	3.17731e-11	7.50448e-06	1.67914e-09	13.1336	0.000141414	446.586	62.315
683	490.358	3.18687e-11	7.50448e-06	1.68164e-09	13.1336	0.000141414	447.332	62.3152
684	489.612	3.19648e-11	7.50448e-06	1.68414e-09	13.1336	0.000141414	448.078	62.3155
685	488.866	3.20614e-11	7.50448e-06	1.68666e-09	13.1336	0.000141414	448.824	62.3157
686	488.119	3.21583e-11	7.50448e-06	1.68917e-09	13.1336	0.000141414	449.57	62.3159
687	487.373	3.22557e-11	7.50448e-06	1.6917e-09	13.1336	0.000141414	450.316	62.3161
688	486.627	3.23536e-11	7.50448e-06	1.69423e-09	13.1336	0.000141414	451.062	62.3163
689	485.881	3.24518e-11	7.50448e-06	1.69678e-09	13.1336	0.000141414	451.808	62.3165
690	485.135	3.25506e-11	7.50448e-06	1.69932e-09	13.1336	0.000141414	452.554	62.3167
691	484.388	3.26498e-11	7.50448e-06	1.70188e-09	13.1336	0.000141414	453.3	62.3169
692	483.642	3.27494e-11	7.50448e-06	1.70444e-09	13.1336	0.000141414	454.046	62.317
693	482.896	3.28495e-11	7.50448e-06	1.70702e-09	13.1336	0.000141414	454.792	62.3172
694	482.15	3.295e-11	7.50448e-06	1.7096e-09	13.1336	0.000141414	455.538	62.3174
695	481.404	3.3051e-11	7.50448e-06	1.71218e-09	13.1336	0.000141414	456.284	62.3176
696	480.658	3.31525e-11	7.50448e-06	1.71478e-09	13.1336	0.000141414	457.03	62.3178
697	479.911	3.32545e-11	7.50448e-06	1.71738e-09	13.1336	0.000141414	457.776	62.318
698	479.165	3.33569e-11	7.50448e-06	1.71999e-09	13.1336	0.000141414	458.522	62.3181
699	478.419	3.34597e-11	7.50448e-06	1.72261e-09	13.1336	0.000141414	459.268	62.3183
700	477.673	3.35631e-11	7.50448e-06	1.72523e-09	13.1336	0.000141414	460.014	62.3185
701	476.927	3.36669e-11	7.50448e-06	1.72787e-09	13.1336	0.000141414	460.76	62.3187
702	476.18	3.37712e-11	7.50448e-06	1.73051e-09	13.1336	0.000141414	461.506	62.3188
703	475.434	3.3876e-11	7.50448e-06	1.73316e-09	13.1336	0.000141414	462.252	62.319
704	474.688	3.39813e-11	7.50448e-06	1.73582e-09	13.1336	0.000141414	462.998	62.3192
705	473.942	3.40871e-11	7.50448e-06	1.73848e-09	13.1336	0.000141414	463.744	62.3193
706	473.196	3.41934e-11	7.50448e-06	1.74116e-09	13.1336	0.000141414	464.49	62.3195
707	472.45	3.43001e-11	7.50448e-06	1.74384e-09	13.1336	0.000141414	465.236	62.3197
708	471.703	3.44074e-11	7.50448e-06	1.74653e-09	13.1336	0.000141414	465.982	62.3198
709	470.957	3.45152e-11	7.50448e-06	1.74923e-09	13.1336	0.000141414	466.728	62.32
710	470.211	3.46234e-11	7.50448e-06	1.75194e-09	13.1336	0.000141414	467.474	62.3201
711	469.465	3.47322e-11	7.50448e-06	1.75465e-09	13.1336	0.000141414	468.22	62.3203
712	468.719	3.48415e-11	7.50448e-06	1.75737e-09	13.1336	0.000141414	468.966	62.3204
713	467.972	3.49513e-11	7.50448e-06	1.76011e-09	13.1336	0.000141414	469.712	62.3206
714	467.226	3.50616e-11	7.50448e-06	1.76285e-09	13.1336	0.000141414	470.458	62.3207
715	466.48	3.51725e-11	7.50448e-06	1.7656e-09	13.1336	0.000141414	471.204	62.3209
716	465.734	3.52838e-11	7.50448e-06	1.76835e-09	13.1336	0.000141414	471.95	62.321
717	464.988	3.53957e-11	7.50448e-06	1.77112e-09	13.1336	0.000141414	472.696	62.3212
718	464.242	3.55081e-11	7.50448e-06	1.77389e-09	13.1336	0.000141414	473.442	62.3213
719	463.495	3.56211e-11	7.50448e-06	1.77667e-09	13.1336	0.000141414	474.188	62.3214
720	462.749	3.57346e-11	7.50448e-06	1.77947e-09	13.1336	0.000141414	474.934	62.3216
721	462.003	3.58486e-11	7.50448e-06	1.78227e-09	13.1336	0.000141414	475.68	62.3217
722	461.257	3.59632e-11	7.50448e-06	1.78508e-09	13.1336	0.000141414	476.426	62.3218
723	460.511	3.60783e-11	7.50448e-06	1.78789e-09	13.1336	0.000141414	477.172	62.322
724	459.764	3.6194e-11	7.50448e-06	1.79072e-09	13.1336	0.000141414	477.918	62.3221
725	459.018	3.63103e-11	7.50448e-06	1.79355e-09	13.1336	0.000141414	478.664	62.3222
726	458.272	3.64271e-11	7.50448e-06	1.7964e-09	13.1336	0.000141414	479.411	62.3224
727	457.526	3.65444e-11	7.50448e-06	1.79925e-09	13.1336	0.000141414	480.157	62.3225
728	456.78	3.66623e-11	7.50448e-06	1.80211e-09	13.1336	0.000141414	480.903	62.3226
729	456.034	3.67808e-11	7.50448e-06	1.80498e-09	13.1336	0.000141414	481.649	62.3227
730	455.287	3.68999e-11	7.50448e-06	1.80786e-09	13.1336	0.000141414	482.395	62.3228
731	454.541	3.70195e-11	7.50448e-06	1.81075e-09	13.1336	0.000141414	483.141	62.323
732	453.795	3.71397e-11	7.50448e-06	1.81365e-09	13.1336	0.000141414	483.887	62.3231
733	453.049	3.72605e-11	7.50448e-06	1.81656e-09	13.1336	0.000141414	484.633	62.3232
734	452.303	3.73819e-11	7.50448e-06	1.81948e-09	13.1336	0.000141414	485.379	62.3233
735	451.556	3.75039e-11	7.50448e-06	1.8224e-09	13.1336	0.000141414	486.125	62.3234
736	450.81	3.76264e-11	7.50448e-06	1.82534e-09	13.1336	0.000141414	486.871	62.3235
737	450.064	3.77496e-11	7.50448e-06	1.82828e-09	13.1336	0.000141414	487.617	62.3237
738	449.318	3.78734e-11	7.50448e-06	1.83123e-09	13.1336	0.000141414	488.363	62.3238
739	448.572	3.79977e-11	7.50448e-06	1.8342e-09	13.1336	0.000141414	489.109	62.3239
740	447.826	3.81227e-11	7.50448e-06	1.83717e-09	13.1336	0.000141414	489.855	62.324
741	447.079	3.82484e-11	7.50448e-06	1.84015e-09	13.1336	0.000141414	490.602	62.3241
742	446.333	3.83746e-11	7.50448e-06	1.84314e-09	13.1336	0.000141414	491.348	62.3242
743	445.587	3.85014e-11	7.50448e-06	1.84615e-09	13.1336	0.000141414	492.094	62.3243
744	444.841	3.86289e-11	7.50448e-06	1.84916e-09	13.1336	0.000141414	492.84	62.3244
745	444.095	3.8757e-11	7.50448e-06	1.85218e-09	13.1336	0.000141414	493.586	62.3245
746	443.348	3.88858e-11	7.50448e-06	1.85521e-09	13.1336	0.000141414	494.332	62.3246
747	442.602	3.90152e-11	7.50448e-06	1.85825e-09	13.1336	0.000141414	495.078	62.3247
748	441.856	3.91452e-11	7.50448e-06	1.8613e-09	13.1336	0.000141414	495.824	62.3248
749	441.11	3.92759e-11	7.50448e-06	1.86436e-09	13.1336	0.000141414	496.57	62.3249
750	440.364	3.94072e-11	7.50448e-06	1.86743e-09	13.1336	0.000141414	497.316	62.325
751	439.618	3.95392e-11	7.50448e-06	1.87051e-09	13.1336	0.000141414	498.062	62.3251
752	438.871	3.96719e-11	7.50448e-06	1.8736e-09	13.1336	0.000141414	498.808	62.3252
753	438.125	3.98052e-11	7.50448e-06	1.8767e-09	13.1336	0.000141414	499.555	62.3253
754	437.379	3.99392e-11	7.50448e-06	1.87981e-09	13.1336	0.000141414	500.301	62.3254
755	436.633	4.00738e-11	7.50448e-06	1.88293e-09	13.1336	0.000141414	501.047	62.3255
756	435.887	4.02092e-11	7.50448e-06	1.88606e-09	13.1336	0.000141414	501.793	62.3255
757	435.14	4.03452e-11	7.50448e-06	1.8892e-09	13.1336	0.000141414	502.539	62.3256
758	434.394	4.04819e-11	7.50448e-06	1.89235e-09	13.1336	0.000141414	503.285	62.3257
759	433.648	4.06193e-11	7.50448e-06	1.89551e-09	13.1336	0.000141414	504.031	62.3258
760	432.902	4.07574e-11	7.50448e-06	1.89868e-09	13.1336	0.000141414	504.777	62.3259
761	432.156	4.08962e-11	7.50448e-06	1.90187e-09	13.1336	0.000141414	505.523	62.326
762	431.41	4.10357e-11	7.50448e-06	1.90506e-09	13.1336	0.000141414	506.269	62.3261
763	430.663	4.11759e-11	7.50448e-06	1.90826e-09	13.1336	0.000141414	507.015	62.3261
764	429.917	4.13169e-11	7.50448e-06	1.91148e-09	13.1336	0.000141414	507.762	62.3262
765	429.171	4.14585e-11	7.50448e-06	1.9147e-09	13.1336	0.000141414	508.508	62.3263
766	428.425	4.16009e-11	7.50448e-06	1.91794e-09	13.1336	0.000141414	509.254	62.3264
767	427.679	4.1744e-11	7.50448e-06	1.92118e-09	13.1336	0.000141414	510.0	62.3265
768	426.932	4.18879e-11	7.50448e-06	1.92444e-09	13.1336	0.000141414	510.746	62.3265
769	426.186	4.20325e-11	7.50448e-06	1.92771e-09	13.1336	0.000141414	511.492	62.3266
770	425.44	4.21778e-11	7.50448e-06	1.93099e-09	13.1336	0.000141414	512.238	62.3267
771	424.694	4.23239e-11	7.50448e-06	1.93428e-09	13.1336	0.000141414	512.984	62.3268
772	423.948	4.24707e-11	7.50448e-06	1.93758e-09	13.1336	0.000141414	513.73	62.3268
773	423.202	4.26183e-11	7.50448e-06	1.94089e-09	13.1336	0.000141414	514.477	62.3269
774	422.455	4.27667e-11	7.50448e-06	1.94422e-09	13.1336	0.000141414	515.223	62.327
775	421.709	4.29159e-11	7.50448e-06	1.94755e-09	13.1336	0.000141414	515.969	62.327
776	420.963	4.30658e-11	7.50448e-06	1.9509e-09	13.1336	0.000141414	516.715	62.3271
777	420.217	4.32165e-11	7.50448e-06	1.95425e-09	13.1336	0.000141414	517.461	62.3272
778	419.471	4.3368e-11	7.50448e-06	1.95762e-09	13.1336	0.000141414	518.207	62.3273
779	418.724	4.35203e-11	7.50448e-06	1.961e-09	13.1336	0.000141414	518.953	62.3273
780	417.978	4.36734e-11	7.50448e-06	1.96439e-09	13.1336	0.000141414	519.699	62.3274
781	417.232	4.38273e-11	7.50448e-06	1.9678e-09	13.1336	0.000141414	520.445	62.3275
782	416.486	4.3982e-11	7.50448e-06	1.97121e-09	13.1336	0.000141414	521.192	62.3275
783	415.74	4.41375e-11	7.50448e-06	1.97464e-09	13.1336	0.000141414	521.938	62.3276
784	414.994	4.42939e-11	7.50448e-06	1.97808e-09	13.1336	0.000141414	522.684	62.3276
785	414.247	4.4451e-11	7.50448e-06	1.98153e-09	13.1336	0.000141414	523.43	62.3277
786	413.501	4.4609e-11	7.50448e-06	1.98499e-09	13.1336	0.000141414	524.176	62.3278
787	412.755	4.47679e-11	7.50448e-06	1.98846e-09	13.1336	0.000141414	524.922	62.3278
788	412.009	4.49276e-11	7.50448e-06	1.99195e-09	13.1336	0.000141414	525.668	62.3279
789	411.263	4.50881e-11	7.50448e-06	1.99545e-09	13.1336	0.000141414	526.414	62.328
790	410.516	4.52495e-11	7.50448e-06	1.99896e-09	13.1336	0.000141414	527.16	62.328
791	409.77	4.54118e-11	7.50448e-06	2.00248e-09	13.1336	0.000141414	527.907	62.3281
792	409.024	4.55749e-11	7.50448e-06	2.00601e-09	13.1336	0.000141414	528.653	62.3281
793	408.278	4.57389e-11	7.50448e-06	2.00956e-09	13.1336	0.000141414	529.399	62.3282
794	407.532	4.59038e-11	7.50448e-06	2.01312e-09	13.1336	0.000141414	530.145	62.3282
795	406.786	4.60695e-11	7.50448e-06	2.01669e-09	13.1336	0.000141414	530.891	62.3283
796	406.039	4.62362e-11	7.50448e-06	2.02027e-09	13.1336	0.000141414	531.637	62.3284
797	405.293	4.64038e-11	7.50448e-06	2.02387e-09	13.1336	0.000141414	532.383	62.3284
798	404.547	4.65722e-11	7.50448e-06	2.02748e-09	13.1336	0.000141414	533.129	62.3285
799	403.801	4.67416e-11	7.50448e-06	2.0311e-09	13.1336	0.000141414	533.876	62.3285
800	403.055	4.69119e-11	7.50448e-06	2.03474e-09	13.1336	0.000141414	534.622	62.3286
801	402.308	4.70831e-11	7.50448e-06	2.03838e-09	13.1336	0.000141414	535.368	62.3286
802	401.562	4.72553e-11	7.50448e-06	2.04204e-09	13.1336	0.000141414	536.114	62.3287
803	400.816	4.74284e-11	7.50448e-06	2.04572e-09	13.1336	0.000141414	536.86	62.3287
804	400.07	4.76025e-11	7.50448e-06	2.0494e-09	13.1336	0.000141414	537.606	62.3288
805	399.324	4.77775e-11	7.50448e-06	2.0531e-09	13.1336	0.000141414	538.352	62.3288
806	398.578	4.79535e-11	7.50448e-06	2.05681e-09	13.1336	0.000141414	539.099	62.3289
807	397.831	4.81304e-11	7.50448e-06	2.06054e-09	13.1336	0.000141414	539.845	62.3289
808	397.085	4.83084e-11	7.50448e-06	2.06428e-09	13.1336	0.000141414	540.591	62.329
809	396.339	4.84873e-11	7.50448e-06	2.06803e-09	13.1336	0.000141414	541.337	62.329
810	395.593	4.86672e-11	7.50448e-06	2.0718e-09	13.1336	0.000141414	542.083	62.3291
811	394.847	4.88481e-11	7.50448e-06	2.07557e-09	13.1336	0.000141414	542.829	62.3291
812	394.1	4.903e-11	7.50448e-06	2.07937e-09	13.1336	0.000141414	543.575	62.3292
813	393.354	4.92129e-11	7.50448e-06	2.08317e-09	13.1336	0.000141414	544.321	62.3292
814	392.608	4.93969e-11	7.50448e-06	2.08699e-09	13.1336	0.000141414	545.068	62.3292
815	391.862	4.95819e-11	7.50448e-06	2.09083e-09	13.1336	0.000141414	545.814	62.3293
816	391.116	4.97679e-11	7.50448e-06	2.09468e-09	13.1336	0.000141414	546.56	62.3293
817	390.37	4.99549e-11	7.50448e-06	2.09854e-09	13.1336	0.000141414	547.306	62.3294
818	389.623	5.0143e-11	7.50448e-06	2.10241e-09	13.1336	0.000141414	548.052	62.3294
819	388.877	5.03322e-11	7.50448e-06	2.1063e-09	13.1336	0.000141414	548.798	62.3295
820	388.131	5.05224e-11	7.50448e-06	2.11021e-09	13.1336	0.000141414	549.544	62.3295
821	387.385	5.07137e-11	7.50448e-06	2.11412e-09	13.1336	0.000141414	550.291	62.3295
822	386.639	5.09061e-11	7.50448e-06	2.11806e-09	13.1336	0.000141414	551.037	62.3296
823	385.892	5.10996e-11	7.50448e-06	2.122e-09	13.1336	0.000141414	551.783	62.3296
824	385.146	5.12942e-11	7.50448e-06	2.12596e-09	13.1336	0.000141414	552.529	62.3297
825	384.4	5.14899e-11	7.50448e-06	2.12994e-09	13.1336	0.000141414	553.275	62.3297
826	383.654	5.16867e-11	7.50448e-06	2.13393e-09	13.1336	0.000141414	554.021	62.3297
827	382.908	5.18846e-11	7.50448e-06	2.13794e-09	13.1336	0.000141414	554.767	62.3298
828	382.162	5.20837e-11	7.50448e-06	2.14196e-09	13.1336	0.000141414	555.514	62.3298
829	381.415	5.22839e-11	7.50448e-06	2.14599e-09	13.1336	0.000141414	556.26	62.3299
830	380.669	5.24852e-11	7.50448e-06	2.15004e-09	13.1336	0.000141414	557.006	62.3299
831	379.923	5.26877e-11	7.50448e-06	2.15411e-09	13.1336	0.000141414	557.752	62.3299
832	379.177	5.28914e-11	7.50448e-06	2.15819e-09	13.1336	0.000141414	558.498	62.33
833	378.431	5.30962e-11	7.50448e-06	2.16228e-09	13.1336	0.000141414	559.244	62.33
834	377.685	5.33023e-11	7.50448e-06	2.16639e-09	13.1336	0.000141414	559.99	62.33
835	376.938	5.35095e-11	7.50448e-06	2.17052e-09	13.1336	0.000141414	560.737	62.3301
836	376.192	5.3718e-11	7.50448e-06	2.17466e-09	13.1336	0.000141414	561.483	62.3301
837	375.446	5.39276e-11	7.50448e-06	2.17881e-09	13.1336	0.000141414	562.229	62.3301
838	374.7	5.41385e-11	7.50448e-06	2.18299e-09	13.1336	0.000141414	562.975	62.3302
839	373.954	5.43506e-11	7.50448e-06	2.18717e-09	13.1336	0.000141414	563.721	62.3302
840	373.207	5.4564e-11	7.50448e-06	2.19138e-09	13.1336	0.000141414	564.467	62.3302
841	372.461	5.47786e-11	7.50448e-06	2.1956e-09	13.1336	0.000141414	565.213	62.3303
842	371.715	5.49944e-11	7.50448e-06	2.19983e-09	13.1336	0.000141414	565.96	62.3303
843	370.969	5.52116e-11	7.50448e-06	2.20409e-09	13.1336	0.000141414	566.706	62.3303
844	370.223	5.543e-11	7.50448e-06	2.20835e-09	13.1336	0.000141414	567.452	62.3304
845	369.477	5.56497e-11	7.50448e-06	2.21264e-09	13.1336	0.000141414	568.198	62.3304
846	368.73	5.58707e-11	7.50448e-06	2.21694e-09	13.1336	0.000141414	568.944	62.3304
847	367.984	5.6093e-11	7.50448e-06	2.22125e-09	13.1336	0.000141414	569.69	62.3305
848	367.238	5.63166e-11	7.50448e-06	2.22559e-09	13.1336	0.000141414	570.437	62.3305
849	366.492	5.65416e-11	7.50448e-06	2.22994e-09	13.1336	0.000141414	571.183	62.3305
850	365.746	5.67679e-11	7.50448e-06	2.2343e-09	13.1336	0.000141414	571.929	62.3305
851	364.999	5.69956e-11	7.50448e-06	2.23869e-09	13.1336	0.000141414	572.675	62.3306
852	364.253	5.72246e-11	7.50448e-06	2.24309e-09	13.1336	0.000141414	573.421	62.3306
853	363.507	5.7455e-11	7.50448e-06	2.24751e-09	13.1336	0.000141414	574.167	62.3306
854	362.761	5.76867e-11	7.50448e-06	2.25194e-09	13.1336	0.000141414	574.913	62.3307
855	362.015	5.79199e-11	7.50448e-06	2.25639e-09	13.1336	0.000141414	575.66	62.3307
856	361.269	5.81544e-11	7.50448e-06	2.26086e-09	13.1336	0.000141414	576.406	62.3307
857	360.522	5.83904e-11	7.50448e-06	2.26535e-09	13.1336	0.000141414	577.152	62.3307
858	359.776	5.86278e-11	7.50448e-06	2.26985e-09	13.1336	0.000141414	577.898	62.3308
859	359.03	5.88667e-11	7.50448e-06	2.27437e-09	13.1336	0.000141414	578.644	62.3308
860	358.284	5.91069e-11	7.50448e-06	2.27891e-09	13.1336	0.000141414	579.39	62.3308
861	357.538	5.93487e-11	7.50448e-06	2.28347e-09	13.1336	0.000141414	580.137	62.3308
862	356.791	5.95919e-11	7.50448e-06	2.28804e-09	13.1336	0.000141414	580.883	62.3309
863	356.045	5.98366e-11	7.50448e-06	2.29263e-09	13.1336	0.000141414	581.629	62.3309
864	355.299	6.00828e-11	7.50448e-06	2.29724e-09	13.1336	0.000141414	582.375	62.3309
865	354.553	6.03305e-11	7.50448e-06	2.30187e-09	13.1336	0.000141414	583.121	62.3309
866	353.807	6.05797e-11	7.50448e-06	2.30652e-09	13.1336	0.000141414	583.867	62.331
867	353.061	6.08306e-11	7.50448e-06	2.31118e-09	13.1336	0.000141414	584.613	62.331
868	352.314	6.1083e-11	7.50448e-06	2.31587e-09	13.1336	0.000141414	585.36	62.331
869	351.568	6.1337e-11	7.50448e-06	2.32057e-09	13.1336	0.000141414	586.106	62.331
870	350.822	6.15926e-11	7.50448e-06	2.32529e-09	13.1336	0.000141414	586.852	62.3311
871	350.076	6.18497e-11	7.50448e-06	2.33003e-09	13.1336	0.000141414	587.598	62.3311
872	349.33	6.21084e-11	7.50448e-06	2.33479e-09	13.1336	0.000141414	588.344	62.3311
873	348.583	6.23687e-11	7.50448e-06	2.33957e-09	13.1336	0.000141414	589.09	62.3311
874	347.837	6.26305e-11	7.50448e-06	2.34436e-09	13.1336	0.000141414	589.837	62.3311
875	347.091	6.28941e-11	7.50448e-06	2.34918e-09	13.1336	0.000141414	590.583	62.3312
876	346.345	6.31593e-11	7.50448e-06	2.35402e-09	13.1336	0.000141414	591.329	62.3312
877	345.599	6.34262e-11	7.50448e-06	2.35887e-09	13.1336	0.000141414	592.075	62.3312
878	344.853	6.36948e-11	7.50448e-06	2.36375e-09	13.1336	0.000141414	592.821	62.3312
879	344.106	6.39651e-11	7.50448e-06	2.36864e-09	13.1336	0.000141414	593.567	62.3313
880	343.36	6.42371e-11	7.50448e-06	2.37355e-09	13.1336	0.000141414	594.314	62.3313
881	342.614	6.45109e-11	7.50448e-06	2.37849e-09	13.1336	0.000141414	595.06	62.3313
882	341.868	6.47863e-11	7.50448e-06	2.38344e-09	13.1336	0.000141414	595.806	62.3313
883	341.122	6.50636e-11	7.50448e-06	2.38842e-09	13.1336	0.000141414	596.552	62.3313
884	340.375	6.53426e-11	7.50448e-06	2.39341e-09	13.1336	0.000141414	597.298	62.3314
885	339.629	6.56234e-11	7.50448e-06	2.39843e-09	13.1336	0.000141414	598.044	62.3314
886	338.883	6.5906e-11	7.50448e-06	2.40347e-09	13.1336	0.000141414	598.791	62.3314
887	338.137	6.61903e-11	7.50448e-06	2.40852e-09	13.1336	0.000141414	599.537	62.3314
888	337.391	6.64766e-11	7.50448e-06	2.4136e-09	13.1336	0.000141414	600.283	62.3314
889	336.645	6.67647e-11	7.50448e-06	2.4187e-09	13.1336	0.000141414	601.029	62.3314
890	335.898	6.70546e-11	7.50448e-06	2.42382e-09	13.1336	0.000141414	601.775	62.3315
891	335.152	6.73464e-11	7.50448e-06	2.42896e-09	13.1336	0.000141414	602.521	62.3315
892	334.406	6.76402e-11	7.50448e-06	2.43412e-09	13.1336	0.000141414	603.268	62.3315
893	333.66	6.79358e-11	7.50448e-06	2.4393e-09	13.1336	0.000141414	604.014	62.3315
894	332.914	6.82333e-11	7.50448e-06	2.44451e-09	13.1336	0.000141414	604.76	62.3315
895	332.167	6.85328e-11	7.50448e-06	2.44974e-09	13.1336	0.000141414	605.506	62.3315
896	331.421	6.88342e-11	7.50448e-06	2.45499e-09	13.1336	0.000141414	606.252	62.3316
897	330.675	6.91377e-11	7.50448e-06	2.46026e-09	13.1336	0.000141414	606.998	62.3316
898	329.929	6.94431e-11	7.50448e-06	2.46555e-09	13.1336	0.000141414	607.744	62.3316
899	329.183	6.97505e-11	7.50448e-06	2.47086e-09	13.1336	0.000141414	608.491	62.3316
900	328.437	7.006e-11	7.50448e-06	2.4762e-09	13.1336	0.000141414	609.237	62.3316
901	327.69	7.03715e-11	7.50448e-06	2.48156e-09	13.1336	0.000141414	609.983	62.3316
902	326.944	7.06851e-11	7.50448e-06	2.48695e-09	13.1336	0.000141414	610.729	62.3317
903	326.198	7.10008e-11	7.50448e-06	2.49235e-09	13.1336	0.000141414	611.475	62.3317
904	325.452	7.13186e-11	7.50448e-06	2.49778e-09	13.1336	0.000141414	612.221	62.3317
905	324.706	7.16385e-11	7.50448e-06	2.50323e-09	13.1336	0.000141414	612.968	62.3317
906	323.959	7.19605e-11	7.50448e-06	2.50871e-09	13.1336	0.000141414	613.714	62.3317
907	323.213	7.22847e-11	7.50448e-06	2.5142e-09	13.1336	0.000141414	614.46	62.3317
908	322.467	7.26111e-11	7.50448e-06	2.51973e-09	13.1336	0.000141414	615.206	62.3318
909	321.721	7.29396e-11	7.50448e-06	2.52527e-09	13.1336	0.000141414	615.952	62.3318
910	320.975	7.32704e-11	7.50448e-06	2.53084e-09	13.1336	0.000141414	616.698	62.3318
911	320.229	7.36035e-11	7.50448e-06	2.53643e-09	13.1336	0.000141414	617.445	62.3318
912	319.482	7.39387e-11	7.50448e-06	2.54205e-09	13.1336	0.000141414	618.191	62.3318
913	318.736	7.42763e-11	7.50448e-06	2.54769e-09	13.1336	0.000141414	618.937	62.3318
914	317.99	7.46162e-11	7.50448e-06	2.55336e-09	13.1336	0.000141414	619.683	62.3318
915	317.244	7.49583e-11	7.50448e-06	2.55905e-09	13.1336	0.000141414	620.429	62.3318
916	316.498	7.53029e-11	7.50448e-06	2.56477e-09	13.1336	0.000141414	621.175	62.3319
917	315.751	7.56497e-11	7.50448e-06	2.57051e-09	13.1336	0.000141414	621.922	62.3319
918	315.005	7.5999e-11	7.50448e-06	2.57627e-09	13.1336	0.000141414	622.668	62.3319
919	314.259	7.63507e-11	7.50448e-06	2.58206e-09	13.1336	0.000141414	623.414	62.3319
920	313.513	7.67048e-11	7.50448e-06	2.58788e-09	13.1336	0.000141414	624.16	62.3319
921	312.767	7.70614e-11	7.50448e-06	2.59372e-09	13.1336	0.000141414	624.906	62.3319
922	312.021	7.74204e-11	7.50448e-06	2.59959e-09	13.1336	0.000141414	625.653	62.3319
923	311.274	7.77819e-11	7.50448e-06	2.60548e-09	13.1336	0.000141414	626.399	62.332
924	310.528	7.8146e-11	7.50448e-06	2.6114e-09	13.1336	0.000141414	627.145	62.332
925	309.782	7.85126e-11	7.50448e-06	2.61735e-09	13.1336	0.000141414	627.891	62.332
926	309.036	7.88817e-11	7.50448e-06	2.62332e-09	13.1336	0.000141414	628.637	62.332
927	308.29	7.92535e-11	7.50448e-06	2.62932e-09	13.1336	0.000141414	629.383	62.332
928	307.543	7.96278e-11	7.50448e-06	2.63534e-09	13.1336	0.000141414	630.13	62.332
929	306.797	8.00048e-11	7.50448e-06	2.6414e-09	13.1336	0.000141414	630.876	62.332
930	306.051	8.03844e-11	7.50448e-06	2.64748e-09	13.1336	0.000141414	631.622	62.332
931	305.305	8.07667e-11	7.50448e-06	2.65358e-09	13.1336	0.000141414	632.368	62.332
932	304.559	8.11517e-11	7.50448e-06	2.65972e-09	13.1336	0.000141414	633.114	62.3321
933	303.813	8.15395e-11	7.50448e-06	2.66588e-09	13.1336	0.000141414	633.86	62.3321
934	303.066	8.19299e-11	7.50448e-06	2.67207e-09	13.1336	0.000141414	634.607	62.3321
935	302.32	8.23232e-11	7.50448e-06	2.67828e-09	13.1336	0.000141414	635.353	62.3321
936	301.574	8.27193e-11	7.50448e-06	2.68453e-09	13.1336	0.000141414	636.099	62.3321
937	300.828	8.31182e-11	7.50448e-06	2.6908e-09	13.1336	0.000141414	636.845	62.3321
938	300.082	8.35199e-11	7.50448e-06	2.69711e-09	13.1336	0.000141414	637.591	62.3321
939	299.335	8.39246e-11	7.50448e-06	2.70344e-09	13.1336	0.000141414	638.337	62.3321
940	298.589	8.43322e-11	7.50448e-06	2.7098e-09	13.1336	0.000141414	639.084	62.3321
941	297.843	8.47428e-11	7.50448e-06	2.71619e-09	13.1336	0.000141414	639.83	62.3321
942	297.097	8.51563e-11	7.50448e-06	2.7226e-09	13.1336	0.000141414	640.576	62.3322
943	296.351	8.55729e-11	7.50448e-06	2.72905e-09	13.1336	0.000141414	641.322	62.3322
944	295.605	8.59925e-11	7.50448e-06	2.73553e-09	13.1336	0.000141414	642.068	62.3322
945	294.858	8.64152e-11	7.50448e-06	2.74204e-09	13.1336	0.000141414	642.814	62.3322
946	294.112	8.6841e-11	7.50448e-06	2.74858e-09	13.1336	0.000141414	643.561	62.3322
947	293.366	8.72699e-11	7.50448e-06	2.75514e-09	13.1336	0.000141414	644.307	62.3322
948	292.62	8.7702e-11	7.50448e-06	2.76174e-09	13.1336	0.000141414	645.053	62.3322
949	291.874	8.81373e-11	7.50448e-06	2.76837e-09	13.1336	0.000141414	645.799	62.3322
950	291.127	8.85758e-11	7.50448e-06	2.77503e-09	13.1336	0.000141414	646.545	62.3322
951	290.381	8.90176e-11	7.50448e-06	2.78172e-09	13.1336	0.000141414	647.291	62.3322
952	289.635	8.94626e-11	7.50448e-06	2.78844e-09	13.1336	0.000141414	648.038	62.3322
953	288.889	8.99109e-11	7.50448e-06	2.7952e-09	13.1336	0.000141414	648.784	62.3323
954	288.143	9.03626e-11	7.50448e-06	2.80198e-09	13.1336	0.000141414	649.53	62.3323
955	287.397	9.08177e-11	7.50448e-06	2.8088e-09	13.1336	0.000141414	650.276	62.3323
956	286.65	9.12761e-11	7.50448e-06	2.81565e-09	13.1336	0.000141414	651.022	62.3323
957	285.904	9.1738e-11	7.50448e-06	2.82254e-09	13.1336	0.000141414	651.769	62.3323
958	285.158	9.22034e-11	7.50448e-06	2.82945e-09	13.1336	0.000141414	652.515	62.3323
959	284.412	9.26722e-11	7.50448e-06	2.8364e-09	13.1336	0.000141414	653.261	62.3323
960	283.666	9.31446e-11	7.50448e-06	2.84338e-09	13.1336	0.000141414	654.007	62.3323
961	282.919	9.36207e-11	7.50448e-06	2.8504e-09	13.1336	0.000141414	654.753	62.3323
962	282.173	9.41003e-11	7.50448e-06	2.85744e-09	13.1336	0.000141414	655.499	62.3323
963	281.427	9.45837e-11	7.50448e-06	2.86453e-09	13.1336	0.000141414	656.246	62.3323
964	280.681	9.50707e-11	7.50448e-06	2.87164e-09	13.1336	0.000141414	656.992	62.3323
965	279.935	9.55614e-11	7.50448e-06	2.87879e-09	13.1336	0.000141414	657.738	62.3324
966	279.189	9.6056e-11	7.50448e-06	2.88598e-09	13.1336	0.000141414	658.484	62.3324
967	278.442	9.65543e-11	7.50448e-06	2.8932e-09	13.1336	0.000141414	659.23	62.3324
968	277.696	9.70565e-11	7.50448e-06	2.90045e-09	13.1336	0.000141414	659.976	62.3324
969	276.95	9.75626e-11	7.50448e-06	2.90774e-09	13.1336	0.000141414	660.723	62.3324
970	276.204	9.80726e-11	7.50448e-06	2.91507e-09	13.1336	0.000141414	661.469	62.3324
971	275.458	9.85865e-11	7.50448e-06	2.92243e-09	13.1336	0.000141414	662.215	62.3324
972	274.711	9.91045e-11	7.50448e-06	2.92983e-09	13.1336	0.000141414	662.961	62.3324
973	273.965	9.96266e-11	7.50448e-06	2.93726e-09	13.1336	0.000141414	663.707	62.3324
974	273.219	1.00153e-10	7.50448e-06	2.94473e-09	13.1336	0.000141414	664.453	62.3324
975	272.473	1.00683e-10	7.50448e-06	2.95224e-09	13.1336	0.000141414	665.2	62.3324
976	271.727	1.01217e-10	7.50448e-06	2.95978e-09	13.1336	0.000141414	665.946	62.3324
977	270.981	1.01756e-10	7.50448e-06	2.96736e-09	13.1336	0.000141414	666.692	62.3324
978	270.234	1.02299e-10	7.50448e-06	2.97498e-09	13.1336	0.000141414	667.438	62.3324
979	269.488	1.02846e-10	7.50448e-06	2.98264e-09	13.1336	0.000141414	668.184	62.3324
980	268.742	1.03398e-10	7.50448e-06	2.99033e-09	13.1336	0.000141414	668.931	62.3325
981	267.996	1.03954e-10	7.50448e-06	2.99806e-09	13.1336	0.000141414	669.677	62.3325
982	267.25	1.04514e-10	7.50448e-06	3.00584e-09	13.1336	0.000141414	670.423	62.3325
983	266.503	1.05079e-10	7.50448e-06	3.01365e-09	13.1336	0.000141414	671.169	62.3325
984	265.757	1.05648e-10	7.50448e-06	3.0215e-09	13.1336	0.000141414	671.915	62.3325
985	265.011	1.06222e-10	7.50448e-06	3.02939e-09	13.1336	0.000141414	672.661	62.3325
986	264.265	1.06801e-10	7.50448e-06	3.03732e-09	13.1336	0.000141414	673.408	62.3325
987	263.519	1.07385e-10	7.50448e-06	3.04528e-09	13.1336	0.000141414	674.154	62.3325
988	262.773	1.07973e-10	7.50448e-06	3.05329e-09	13.1336	0.000141414	674.9	62.3325
989	262.026	1.08566e-10	7.50448e-06	3.06134e-09	13.1336	0.000141414	675.646	62.3325
990	261.28	1.09163e-10	7.50448e-06	3.06944e-09	13.1336	0.000141414	676.392	62.3325
991	260.534	1.09766e-10	7.50448e-06	3.07757e-09	13.1336	0.000141414	677.138	62.3325
992	259.788	1.10374e-10	7.50448e-06	3.08574e-09	13.1336	0.000141414	677.885	62.3325
993	259.042	1.10986e-10	7.50448e-06	3.09396e-09	13.1336	0.000141414	678.631	62.3325
994	258.295	1.11604e-10	7.50448e-06	3.10222e-09	13.1336	0.000141414	679.377	62.3325
995	257.549	1.12227e-10	7.50448e-06	3.11052e-09	13.1336	0.000141414	680.123	62.3325
996	256.803	1.12855e-10	7.50448e-06	3.11886e-09	13.1336	0.000141414	680.869	62.3325
997	256.057	1.13488e-10	7.50448e-06	3.12725e-09	13.1336	0.000141414	681.616	62.3325
998	255.311	1.14127e-10	7.50448e-06	3.13568e-09	13.1336	0.000141414	682.362	62.3325
999	254.565	1.1477e-10	7.50448e-06	3.14415e-09	13.1336	0.000141414	683.108	62.3326
1000	253.818	1.1542e-10	7.50448e-06	3.15267e-09	13.1336	0.000141414	683.854	62.3326
