(phosphorylation of MAPK).k7	TaskList[Parameter Estimation].(Problem)Parameter Estimation.Best Parameters	TaskList[Parameter Estimation].(Problem)Parameter Estimation.Best Value
2.5e-05	(	61.9464	0.110954	0.560082	0.186209	0.466442	0.188436	0.170466	0.1581	12.3362	0.145475	14.8301	54.152	0.441382	17.3786	0.1	100	59.6224	3.03981	0.1	4.08639	7.53639	)	48831.8
2.50002	(	99.9629	0.122525	1.72676	0.269674	5.52787	0.100432	0.1	0.1	9.54795	0.10368	100	66.2614	0.684016	99.84	0.822923	0.128159	67.017	1.54561	66.9247	4.13118	2.69058	)	12007
5.00002	(	96.7053	0.105116	1.08864	0.15195	8.8776	0.1	0.1	0.100512	14.257	0.101407	99.9693	71.6884	0.748685	100	0.684084	19.6539	46.9247	1.51829	50.7145	4.11915	3.00518	)	12329.1
<<<<<<< HEAD
=======
7.50002	(	99.9424	0.100477	1.37893	0.234884	0.1	0.100031	0.1	0.1	6.11172	0.121398	100	56.5338	0.747255	100	0.635364	51.4227	79.5915	1.70286	32.4704	4.41107	2.36793	)	12119.5
10	(	55.6809	0.124222	1.77191	0.22939	0.1	0.101588	0.1	0.1	6.98846	0.14554	99.7286	42.6324	0.686876	100	0.470111	0.10768	56.2725	1.95915	67.6527	5.44802	2.14213	)	12353.8
12.5	(	81.905	0.117393	1.10976	0.17138	7.99418	0.1	0.1	0.100132	11.0701	0.108517	100	69.1592	0.749646	100	0.48799	34.6295	60.8844	1.53964	48.7295	4.60668	2.86664	)	12422.2
15	(	100	0.100017	1.83727	0.298198	0.100965	0.104287	0.1	0.105288	2.61354	0.158853	100	78.2097	0.726296	100	0.341749	20.0686	75.4624	1.41888	20.9157	4.22859	2.30998	)	12061.9
17.5	(	95.6519	0.122234	1.15702	0.178478	5.77176	0.1	0.1	0.100023	10.2899	0.11656	100	64.6871	0.756884	100	0.627666	51.959	66.6098	1.58878	48.2268	4.26495	2.76121	)	12246.3
20	(	99.8464	0.109965	1.57487	0.249811	0.1	0.100066	0.1	0.1	4.99765	0.11416	100	51.6675	0.749761	100	0.743261	22.1306	71.3611	1.85089	37.837	4.74184	2.34499	)	12211.1
22.5	(	99.616	0.100156	1.4057	0.212701	0.100724	0.101267	0.1	0.100006	8.90408	0.116289	100	70.9716	0.759369	100	0.501455	72.1633	71.1384	1.5041	40.1062	4.23329	2.41695	)	12080.5
25	(	99.9245	0.109622	1.64839	0.247752	0.1	0.102548	0.1	0.1	6.25422	0.131627	100	68.2671	0.725844	100	0.645309	86.1584	75.8219	1.4634	35.7961	4.09795	2.3164	)	12054.2
>>>>>>> ad790207fbd64bd409009e1a0c34655ba2e8d094
